2017,1,26,14.7,10.2,12.8,100,70.7,88.4,.17,7.72,8.13,14.4,12.9,13.7,15.4,15.3,15.4,2.5,.3,172,76,12.1,.6,.8,1,1.31,10.9
2017,2,26,15.3,8.7,12.1,95.2,61.6,80.4,.29,8.21,0,13.3,11.2,12.3,15.4,15.2,15.3,1.9,1.7,74,25,6.1,.7,1.1,1.2,1.13,8.7
2017,3,26,16.5,7.4,11.9,100,53.4,84.2,.26,8.22,0,12.6,9,10.9,15.2,14.7,15,.9,.7,69,43,5.2,1.1,.9,1.1,1.15,9
2017,4,26,19.7,5.2,12.4,100,46.8,80.4,.36,12.64,0,14.3,9.2,11.7,14.7,14.5,14.6,.8,.6,63,44,4.9,2.2,1.9,1.3,1.13,8.7
2017,5,26,20.5,6.3,13.7,100,46.3,77.9,.44,12.47,0,14.8,9.6,12.1,14.6,14.4,14.5,1,.1,159,77,4.7,2.5,2,1.4,1.19,9.4
2017,6,26,18.1,5.8,12.5,100,31.1,69.4,.5,13.1,0,15,10.8,12.7,14.6,14.5,14.6,1.5,1.2,284,37,5.5,1.6,2.2,1.6,.98,6.3
2017,7,26,19.8,3.3,10.2,97.7,35,74.2,.42,8.42,0,12.9,8.7,10.8,14.7,14.4,14.6,1.3,.7,25,56,5.5,2,1.2,1.5,.89,5.2
2017,8,26,23.6,7.1,14.4,95.6,30.5,65.6,.72,10.3,0,14.1,9.3,11.6,14.4,14.1,14.3,1.9,1.3,51,45,8.1,4.1,2.2,2.3,1.01,7
2017,9,26,21.3,8.8,13.4,97.5,55,77.1,.37,4.41,0,13.3,11.2,12.1,14.3,14.2,14.3,1.5,.7,49,61,5.6,3.2,.5,1.6,1.18,9.3
2017,10,26,20.5,6.1,12.9,100,42.6,79.3,.4,11.8,0,15.3,10.2,12.5,14.4,14.2,14.3,1.1,.5,55,57,4.7,2.6,1.8,1.5,1.14,8.8
2017,11,26,19.1,7.7,12.4,100,45.4,76.9,.39,10.61,0,15.1,11.3,13.1,14.5,14.3,14.4,1,.2,60,74,4,2.1,1.5,1.4,1.08,8
2017,12,26,20.3,7.2,12.8,99.7,42.4,75.4,.43,9.62,0,15.1,10.8,12.8,14.6,14.5,14.6,2.1,1.2,43,54,6,2.6,1.7,1.9,1.09,8.2
2017,13,26,16.9,9.8,13.1,91.1,52.1,76.8,.37,3.62,0,13.7,12.2,12.9,14.7,14.5,14.6,1.4,.6,36,63,5.1,1.4,.3,1.2,1.15,9
2017,14,26,19.4,8.4,12.7,100,53.4,80.3,.32,7.85,0,14.5,11.5,12.8,14.7,14.5,14.6,1.5,1,287,48,4.6,2.3,1,1.5,1.17,9.2
2017,15,26,15.8,7.3,11.7,100,70.5,89.6,.17,6.11,0,14.1,11.4,12.7,14.6,14.5,14.6,1.5,.5,243,66,5.5,.8,.4,1,1.22,9.9
2017,16,26,17.9,6.7,10.9,100,47.6,81.5,.29,11.6,0,15.3,10.5,12.6,14.6,14.4,14.5,1.3,.7,336,56,3.7,1.6,1.5,1.5,1.04,7.4
2017,17,26,17.5,3.4,10.1,97.7,47.2,74.7,.37,9.22,0,13.8,9.9,11.9,14.6,14.4,14.5,1,.6,313,53,3.1,1.2,1.1,1.3,.9,5.5
2017,18,26,20.2,3.4,11,97.9,37.1,72.8,.46,13.52,0,15.1,9.4,12.1,14.4,14.1,14.3,1.2,.5,37,63,3.7,2.2,2.1,1.7,.92,5.7
2017,19,26,15,6.6,10.5,100,61.6,83.3,.23,6.92,.76,13.3,11.1,12.2,14.3,14.2,14.3,1.7,1.3,62,40,6.1,.5,.8,1.2,1.06,7.7
2017,20,26,13.2,6.3,10.2,100,75.1,96.7,.05,3.5,10.41,12,10.1,11.1,14.3,14,14.2,2.3,1.3,113,54,13.2,0,0,.5,1.21,9.6
2017,21,26,15.8,5.8,11.3,95.1,41.9,70.8,.42,11.6,0,12,9.9,11,14,13.8,13.9,4.2,3.4,252,35,10.6,.7,2.4,2.1,.93,5.8
2017,22,26,15.7,5.8,11.1,97.9,53,72.1,.41,8.61,0,11.6,8.5,9.9,13.8,13.4,13.6,3.6,3.4,71,17,8.4,.7,1.7,1.9,.93,6
2017,23,26,16.8,8.9,12.7,91.4,53.3,72.4,.42,6.01,1.02,12.9,10.4,11.4,13.4,13.3,13.4,2.7,.6,243,72,10.5,1.3,1,1.7,1.06,7.8
2017,24,26,14.3,2.8,8.4,100,36.9,75.2,.33,14.81,0,12.9,8.2,10.6,13.5,13.3,13.4,1.6,1,237,51,6,.3,2.2,1.6,.8,3.7
2017,25,26,14.7,.1,7,99.5,29,71,.38,14.97,0,12.6,7,9.7,13.4,13,13.2,1.1,.3,338,67,4.3,.3,2.1,1.5,.67,1.2
2017,26,26,15.2,.6,7.9,93.6,25.4,56.8,.53,15.05,0,12.3,6.9,9.6,13.1,12.8,12.9,1.7,1.3,312,42,4.6,.4,2.5,2,.57,-1
2017,27,26,15.9,1.6,9.3,66.7,13.6,32,.87,15.45,0,11.8,7.1,9.5,12.9,12.6,12.8,3.7,3.2,360,28,11.3,.6,4.2,3.5,.34,-7.9
2017,28,26,18.6,.8,9.2,76.5,19.9,44.4,.74,15.57,0,12.7,6.8,9.6,12.7,12.4,12.6,1.5,1.2,309,36,4.6,1.5,3,2.3,.49,-3.1
2017,29,26,23.8,2.4,12.4,75.8,17.3,47.7,.91,15.39,0,14.1,7.8,10.8,12.6,12.5,12.6,1.2,.6,34,57,5.3,3.5,3.1,2.4,.64,.5
2017,30,26,24.2,4,13.5,84,12.8,50.5,.97,15.7,0,15,9.1,11.9,12.9,12.5,12.8,1.4,.8,34,52,7.5,4,3.4,2.7,.7,1.8
2017,31,26,22.7,2.5,13.5,90.2,23.7,57.6,.81,15.67,0,15.4,9.7,12.5,13.2,12.8,13.1,1,.6,49,53,5.1,3.1,3,2.1,.83,4.3
2017,32,26,23.1,6,14.6,100,26.7,61.6,.8,15.72,0,15.5,9.9,12.6,13.4,13.1,13.3,1.3,.9,64,48,5.8,3.6,3.2,2.4,.95,6.2
2017,33,26,22.2,5.1,14.3,92.3,28.4,60.4,.79,13.67,0,15.4,10.6,13,13.6,13.3,13.5,1.2,.6,36,59,5.5,3.2,2.6,2.1,.93,5.8
2017,34,26,23.1,5.4,14.2,92.3,37.8,66.7,.64,12.14,0,15.4,11,13.2,13.8,13.5,13.7,.9,.5,42,57,4.1,3.5,2,1.9,1.06,7.7
2017,35,26,24.4,5.2,14.7,96.5,25.3,63.5,.81,16.03,0,16.5,10.8,13.5,13.9,13.7,13.8,1.2,.7,62,51,6.3,4.2,3.2,2.4,.98,6.7
2017,36,26,23.6,5.8,15.3,93.4,27.1,60.6,.86,14.49,0,16.5,11.4,14,14.1,13.8,14,1.2,.7,59,55,6.6,3.9,2.9,2.3,.98,6.7
2017,37,26,21.2,8.9,14.8,86,44.3,66.5,.6,6.89,0,15.4,13.1,14.2,14.3,14,14.2,1,.5,79,58,3.9,3.3,.9,1.6,1.11,8.4
2017,38,26,24,8.9,16.3,93.5,43.2,68.1,.68,15.01,0,17.7,12.2,14.6,14.4,14.3,14.3,1.4,1,79,41,4.5,4.5,2.8,2.4,1.23,10
2017,39,26,26.5,8.5,17.2,99.6,38.5,71.5,.7,15.4,0,19,13.6,16.1,14.8,14.4,14.6,1.5,.8,59,54,5.6,5.6,3,2.7,1.36,11.4
2017,40,26,28.6,12.1,19.4,97.5,31.6,68.7,.89,15.45,0,20,14.7,17.2,15.3,14.8,15.1,1.3,.8,39,52,7.4,7.7,3.1,2.9,1.47,12.7
2017,41,26,27.8,11.1,19.3,93.8,38.3,66.9,.88,14.68,0,20,15.3,17.6,15.8,15.3,15.6,1.8,1.1,64,51,7.5,6.9,3.3,3,1.44,12.4
2017,42,26,26,14.3,20.1,87.8,38.5,62.6,.95,11.26,0,19.8,16.4,18.1,16.2,15.8,16,1.6,.6,302,65,6.7,7.4,2.5,2.6,1.44,12.3
2017,43,26,24.5,14.6,19,95.7,50.6,74.1,.61,9.2,1.02,18.5,16.7,17.6,16.5,16.2,16.4,2.9,2.7,325,22,7.5,6.8,1.9,2.6,1.61,14
2017,44,26,24.2,11.5,17.6,88.3,38.5,67.1,.74,12.66,.25,19,14.9,16.8,16.5,16.3,16.5,1.3,.3,321,69,5.8,5.3,2.4,2.4,1.32,11.1
2017,45,26,25,10.5,16.7,95.1,32.1,68.1,.73,14.73,0,19.8,14.8,17.1,16.5,16.4,16.4,1.2,.5,59,62,4.5,5.3,2.8,2.6,1.24,10.1
2017,46,26,24.6,10.4,18,70,20.3,41.4,1.3,17.71,0,20,15.6,17.7,16.6,16.4,16.5,3.8,3.4,65,25,11.8,5.1,5.3,4.8,.82,4
2017,47,26,25.3,6.3,15.9,82.1,22.1,51.1,1.08,16.79,0,19.8,14.3,17,16.7,16.5,16.6,1.2,.5,47,60,5.8,4.7,3.6,2.8,.86,4.7
2017,48,26,26.6,11.9,18.1,84.1,23.8,47.6,1.2,12.55,0,19.2,15.7,17.3,16.7,16.5,16.6,2.2,1.5,110,47,9.4,6.6,3.4,3.7,.94,6
2017,49,26,19.7,11,15.4,100,41.8,78.9,.42,4.5,21.84,17.9,14.8,16.5,16.8,16.6,16.7,3.2,2.6,102,33,10.9,3,.7,1.8,1.35,11.3
2017,50,26,18,10.9,13.3,100,76.8,95,.09,9.62,3.05,16.6,13.4,14.8,16.7,16.2,16.4,1.3,1,98,40,4,2.1,.9,1.5,1.45,12.5
2017,51,26,22.5,8.6,15.9,100,47.8,83.2,.39,18.49,.25,18.7,12.9,15.6,16.2,15.9,16.1,.5,.2,47,59,3.1,3.8,3,2.3,1.47,12.6
2017,52,26,24.3,9,17.3,100,50.2,83.1,.44,18.36,0,19.1,13.8,16.4,16.2,16,16.1,.8,.3,3,64,4,4.7,3.2,2.5,1.62,14
2017,53,26,27,10.9,18.6,100,28.4,73.9,.7,16.24,0,19.1,14.9,17,16.4,16.1,16.3,1.7,.3,222,73,7,6.4,3.4,3,1.53,13.1
2017,54,26,17.4,6.8,11.8,83.9,26.8,51.2,.71,19.63,0,16.9,12.9,14.9,16.6,16.3,16.4,2.5,2.3,272,23,7.4,1.4,4.1,3.2,.69,1.6
2017,55,26,19,1.2,10.1,99.9,17.5,58.1,.67,19.87,0,16,11,13.5,16.3,15.8,16.1,.8,.5,293,45,5.8,1.6,3.3,2.4,.64,.5
2017,56,26,19.9,1.7,11.7,93.4,23,58,.74,19.6,0,16.2,10.9,13.6,15.8,15.4,15.6,.9,.4,53,59,5.1,2,3.5,2.5,.73,2.3
2017,57,26,21.3,8.1,14.8,87.6,23.8,55.2,.82,17.12,0,17.4,13.3,15.1,15.5,15.4,15.5,1.1,.5,205,59,6.1,3.1,3.3,2.6,.89,5.2
2017,58,26,17.3,8.2,12.4,100,50.2,78.2,.33,5.82,8.38,15.8,13.2,14.1,15.7,15.5,15.6,2,1.4,55,45,6.1,1.5,.8,1.6,1.12,8.4
2017,59,26,18.7,8.1,13.7,100,46.9,83.1,.31,17.81,2.79,15.9,13.1,14.3,15.5,15.3,15.4,2,1.6,289,36,9,2,3.1,2.3,1.28,10.5
2017,60,26,22.9,4.6,13.4,100,29,67.8,.66,20.54,0,16.5,11.3,13.9,15.4,15.1,15.3,.9,.7,319,40,4.1,3.4,3.7,2.8,.98,6.6
2017,61,26,26.2,4.2,15.6,93.2,11.3,51.2,1.13,21.05,0,16.4,11.5,14,15.3,15.1,15.2,1.4,1,358,46,7.4,4.8,4.6,3.7,.8,3.2
2017,62,26,25.6,6,16.6,90.8,18.1,57.4,1.03,15.48,0,16.5,12.5,14.5,15.3,15.1,15.2,1.6,1,67,50,9.1,4.8,3.6,3.2,.99,6.6
2017,63,26,26.9,6.6,16.7,95.7,21.5,63.2,.91,19.18,0,18.2,13,15.5,15.4,15.2,15.3,.7,.4,8,57,4.2,5.5,3.7,2.9,1.11,8.3
2017,64,26,23.6,14.3,18.8,87.3,22.1,51.1,1.11,10.85,0,17.2,15,16.1,15.8,15.3,15.6,2.1,1,163,59,7.3,6.2,2.8,3.2,1.09,7.6
2017,65,26,21,5.7,13.3,90.7,21.7,54.8,.8,21.51,0,17.9,13.3,15.5,15.9,15.7,15.8,1.3,1,293,38,5.2,2.7,4.1,3.1,.78,3.4
2017,66,26,24.6,4,15,81.6,22.3,50.3,1,21.39,0,18.7,13.1,15.8,15.9,15.7,15.8,1.2,.7,326,54,4.6,4,4.4,3.3,.83,4.1
2017,67,26,27.7,8.3,18,87.4,21.6,54.4,1.1,21.22,0,20.2,14.1,17,16,15.7,15.9,1,.7,304,44,3.9,6.2,4.4,3.5,1.09,8.1
2017,68,26,29.3,8.1,19.2,86.4,18.6,54.1,1.28,21.88,0,21.7,15.4,18.4,16.4,16,16.2,1,.3,360,65,4.6,6.9,4.8,3.7,1.12,8.5
2017,69,26,31.2,8.4,20.7,93.3,17,51,1.49,21.8,0,22.8,16.5,19.5,16.9,16.4,16.7,1.2,.6,45,58,6.1,7.8,5.1,4,1.14,8.8
2017,70,26,32.5,11.6,21.3,85.1,14.1,49.8,1.52,21.19,0,23.6,17.6,20.4,17.5,16.9,17.3,.5,.3,342,58,2.6,8.9,4.6,3.5,1.17,9.3
2017,71,26,32.3,12.5,21.8,85,18.8,48.8,1.57,21.43,0,24.4,18.4,21.2,18,17.5,17.8,.9,.3,12,63,5.8,9.4,4.9,3.9,1.2,9.5
2017,72,26,33.7,11.8,22.2,79.8,17.6,50,1.59,22.11,0,25.1,18.7,21.8,18.5,18,18.3,1.2,.3,26,70,5.7,9.5,5.3,4.5,1.27,10.4
2017,73,26,33.5,10.3,22.9,87.4,18,47.7,1.7,22.44,0,25.8,19.4,22.4,18.9,18.5,18.7,1.7,.5,30,68,6,8.8,5.7,4.9,1.27,10.3
2017,74,26,33.7,11.8,22,79,15,47.6,1.6,17.94,0,24.9,19.7,22.4,19.3,18.9,19.2,1.4,.6,23,61,5.9,9.5,4.3,4.4,1.21,9.6
2017,75,26,34.5,11.2,22.5,79.1,13.7,47.3,1.81,22.27,0,26,19.3,22.5,19.5,19.2,19.4,1.5,.6,34,61,5.4,9.4,5.6,4.9,1.17,9.2
2017,76,26,35.3,12.2,23.6,74,12.4,43.6,1.96,22.4,0,26.6,20.2,23.3,19.8,19.4,19.6,1.7,.9,43,56,6.3,10,5.8,5.3,1.18,9.3
2017,77,26,35.3,12.9,23.7,84.9,11.9,42.5,2.06,22.86,0,27.1,20.5,23.7,20.1,19.8,20,1.6,.6,60,65,7.1,10.2,6.1,5.4,1.11,8.4
2017,78,26,36.3,10.9,23.5,83,11.4,40.1,2.12,22.98,0,27.6,20.7,24,20.4,20.1,20.3,1.5,.7,48,60,5.3,9.7,6,5.4,1.08,7.9
2017,79,26,35.7,12,23.8,78.9,13.1,41.5,2.02,22.27,0,27.7,21.4,24.5,20.7,20.4,20.6,1.6,.1,183,80,5.5,10,5.9,5.4,1.15,8.9
2017,80,26,32.9,12.9,22.8,67.8,16,42.3,1.78,22.98,0,28,21.6,24.7,21,20.7,20.9,1.5,.3,296,73,6.6,9.7,5.8,5,1.13,8.6
2017,81,26,27.4,15.8,20.5,72.4,32.9,53,1.19,15.09,0,25.5,21.8,23.6,21.2,21,21.1,2.3,1.1,280,59,16.9,8.8,3.7,4.2,1.28,10.4
2017,82,26,21.4,12.1,16.1,94.5,29.9,63.8,.72,18.57,2.03,23.5,20.2,21.7,21.1,20.8,21,2.2,1.5,265,47,9.3,4.1,3.9,3.6,1.13,8.4
2017,83,26,27.4,8.6,17.7,79.1,16.2,47.5,1.25,24.3,0,24.5,17.5,20.7,20.9,20.3,20.6,1.2,.3,348,71,4.6,6.1,5.2,4.2,.89,5.3
2017,84,26,28.4,8.5,18.3,83.4,17.4,46.1,1.35,22.1,0,24.6,18.6,21.6,20.4,20.1,20.3,2.1,.6,272,69,7.7,6.5,5.6,5,.89,5.2
2017,85,26,28.4,8.4,19,75.7,16.8,42,1.49,24.12,0,25.5,18.6,21.9,20.3,20.1,20.2,1.3,.2,319,75,5.6,6.5,5.5,4.5,.86,4.7
2017,86,26,28.2,10.8,20.3,65.7,22.3,39.7,1.56,22.71,0,25.6,19.6,22.5,20.4,20.1,20.3,2.4,1.1,253,60,12.1,7.1,6.1,5.3,.92,5.7
2017,87,26,27,11.3,19.5,65.8,21.9,36.7,1.53,24.58,0,25.7,20,22.7,20.5,20.3,20.4,3.4,3,298,28,9.6,6.5,6.9,6.2,.81,3.7
2017,88,26,29.9,12.4,20.8,55.1,11.9,28.3,1.88,24.87,0,26.6,19.8,23,20.6,20.4,20.5,2.3,1.7,299,41,6.9,8.4,6.7,6,.68,1.4
2017,89,26,31.7,9.4,21.9,58.8,9.7,26.6,2.21,24.94,0,26.4,19.7,23.1,20.7,20.5,20.6,3.8,1.9,211,58,12.8,8.2,8.3,7.8,.62,0
2017,90,26,21.6,9.3,16.2,63.7,21.1,36.7,1.2,17.05,0,24.5,20.5,22.3,20.9,20.6,20.8,3.3,2.7,275,36,8.7,3.5,4.7,4.7,.67,1
2017,91,26,25.3,6.9,16,75.5,18.4,46.2,1.14,22.81,0,24,18.1,20.9,20.8,20.3,20.5,1.7,.7,76,61,7.3,4.8,5,4.4,.78,3.4
2017,92,26,29.4,6.6,18.9,68.9,17.7,39.7,1.55,25.25,0,25.6,18.3,21.8,20.4,20.1,20.3,1.6,.6,241,65,6.6,6.6,6.1,5.1,.82,4
2017,93,26,29.9,12.5,21.9,66.1,16.5,34.9,1.9,25.4,0,26.3,19.8,23,20.4,20.2,20.3,2.8,1,230,66,9.9,8.5,7.3,6.4,.86,4.6
2017,94,26,27.6,11.1,19.9,67.8,10.8,30.1,1.76,24.1,0,25.7,20,22.9,20.7,20.4,20.6,2.2,1.4,317,49,7.9,6.8,6.4,5.6,.64,.5
2017,95,26,29.6,8.9,20.3,65.8,12,29.1,1.91,25.86,0,26.5,19.4,22.8,20.8,20.6,20.7,2.1,.9,72,60,8.1,7.2,7,5.8,.64,.5
2017,96,26,32.5,10.8,22.1,73.9,8.4,29.9,2.09,25.62,0,34,20.2,25.9,20.8,20.6,20.7,1.6,.5,49,68,6.4,8.8,6.7,5.7,.74,2.4
2017,97,26,32.7,11.7,22.8,57.4,5.6,26.4,2.25,23.19,0,32.7,18.8,25.2,21.2,20.8,21,1.4,.1,146,79,4.8,9.1,6.1,5.2,.68,1.3
2017,98,26,29.4,11.9,20.7,55,6.3,28.5,1.89,22.01,0,31.1,18.3,24,21.4,21.1,21.3,2.3,1.4,238,51,9.6,7.9,6.1,5.8,.67,1
2017,99,26,26.8,8.1,17.6,69.4,12.4,34.9,1.48,24.45,0,31.9,16.9,23.6,21.5,21.2,21.4,1.8,1.1,260,51,5.9,5.7,5.9,5.1,.64,.6
2017,100,26,29.8,6,18.3,66.8,5.2,25.6,1.82,27.01,0,33.4,15.7,23.8,21.5,21.2,21.3,1.2,.4,7,67,3.3,6.6,6.3,5,.48,-3.5
2017,101,26,32.7,8.3,19.5,57.4,6.4,26.2,1.92,24.97,0,33.3,16.8,24.2,21.5,21.2,21.4,1.6,0,357,80,4.9,8.2,6.4,5.8,.57,-1.4
2017,102,26,32.7,9.2,22.1,56,8.9,28.3,2.17,26.74,0,35.4,18,25.9,21.5,21.3,21.5,1.2,.6,73,59,4.3,8.4,6.7,5.4,.71,1.9
2017,103,26,33.1,11.9,22.2,60.6,9.9,32.2,2.07,25.53,0,35.2,19.6,26.6,21.9,21.5,21.7,1.9,.5,225,70,7.8,9.3,7,6.2,.81,3.7
2017,104,26,30.7,10.5,20.9,69.2,12.9,36.1,1.77,26.93,0,35.5,19.3,26.5,22.1,21.9,22,1.4,.5,230,66,5.8,8.1,6.5,5.4,.84,4.4
2017,105,26,32.1,8.9,20.7,64.2,8.2,32.2,1.93,27.47,0,35.9,18.6,26.6,22.4,22.1,22.3,1.2,.3,65,71,3.8,8.1,6.5,5.3,.71,2
2017,106,26,33.3,9.9,22.2,59.4,8.4,29.6,2.15,24.1,0,34.7,19.4,26.5,22.5,22.3,22.4,1.3,.4,75,69,5.2,8.8,6.1,5.4,.74,2.5
2017,107,26,33.5,13,23.8,53,8.1,27.3,2.39,23.58,0,34.6,20,26.9,22.7,22.4,22.6,1.4,.3,97,72,5.3,9.9,6.3,5.5,.74,2.5
2017,108,26,35,13.6,24.9,60.5,13,31.3,2.44,27.29,0,37.3,20.5,28.3,22.8,22.6,22.7,2,.8,208,64,7,10.5,7.6,6.8,.92,5.6
2017,109,26,32.7,16.1,24.6,55.4,7.5,25.5,2.51,27.6,0,37.2,22.4,29.1,23.2,22.8,23.1,2.4,1.7,251,44,8.8,11.2,8.1,7.2,.72,1.6
2017,110,26,34.7,10.4,23.5,63.5,4,23.2,2.61,28.29,0,36.6,20.5,28,23.5,23.2,23.4,2.6,1.8,278,44,9,9.2,8.7,7.8,.56,-1.9
2017,111,26,35.3,12.8,24.6,43.6,5.2,18.9,2.79,28.25,0,36.6,20.7,28.2,23.6,23.4,23.5,3,1.9,283,49,11.4,10.2,9.1,8.5,.54,-2.2
2017,112,26,36,12.4,24.8,41.6,8.7,24.4,2.55,27.83,0,38.6,21,29,23.8,23.5,23.7,1.6,.2,71,76,5.2,10.1,7.5,6.5,.78,2.7
2017,113,26,38,13.1,26.4,52.2,6.8,22.6,3.02,26.7,0,37.6,21.9,29.3,24,23.7,23.9,2.7,.5,198,73,9.7,10.8,8.5,8.4,.71,1.5
2017,114,26,33.3,15,25.8,40.8,6.3,18.8,2.87,22.32,0,33.2,22.1,27.8,24.2,23.9,24.1,3.3,2.7,225,36,11,10.8,8,8,.57,-1.3
2017,115,26,31.7,16.7,24,61.4,10.1,28.7,2.27,25.49,0,34.8,22.7,28,24.2,24,24.1,4.1,3.6,247,29,13.2,11.2,8.6,8.4,.79,3.1
2017,116,26,33.1,13.7,23.8,46.3,8.7,21.3,2.54,27.39,0,36.9,20.8,28.2,24.2,24,24.1,2.6,1.3,234,56,7.9,10.1,8.2,7.5,.58,-.8
2017,117,26,33.5,15.8,25.2,55.3,14.4,25.5,2.56,24.61,0,36.2,22.4,28.8,24.2,24,24.1,2.4,1.6,251,45,8.5,11.2,7.4,7,.79,3.5
2017,118,26,30.7,13.2,23.5,53.5,6.2,25.7,2.25,23.43,0,33.7,23.8,27.7,24.4,24.2,24.3,4.6,3.5,278,39,14.1,9.1,8.7,8.4,.71,-.5
2017,119,26,28,9.2,19.8,41.3,10.3,19.2,2.01,29.36,0,34.3,19,26.1,24.4,24,24.2,3.6,3.1,292,30,11.7,6.5,8.8,7.8,.42,-5.2
2017,120,26,32.1,10.6,22.6,50.7,4.4,17.9,2.47,29.43,0,36.8,19.4,27.5,24.1,23.8,24,2,.7,260,65,6.2,8.6,8.1,6.9,.44,-4.4
2017,121,26,35,11.9,24.1,50.7,5.6,21.8,2.73,29.51,0,38.2,20.1,28.6,24.1,23.9,24,1.6,.6,180,66,6.7,9.7,8.1,6.8,.56,-1.4
2017,122,26,37.1,13.9,26.7,46.7,7.8,19.7,3.12,28.93,0,39.4,22,30.2,24.3,24,24.2,1.8,.6,261,67,7.6,11,8.3,7.3,.63,.4
2017,123,26,38.5,17.4,28.9,40.6,8.7,21,3.43,29.1,0,40.9,23.5,31.5,24.7,24.3,24.5,1.9,.6,98,66,6.2,12.8,8.6,7.6,.8,3.6
2017,124,26,41.4,17.8,30,46,7.1,22,3.66,29.26,0,42.2,24.6,32.8,25.2,24.7,25,1.6,.6,91,63,5.8,13.3,8.5,7.6,.86,4.6
2017,125,26,42.6,17.2,30.4,51.2,6.9,22.5,3.8,28.04,0,42.5,25.1,33.3,25.6,25.1,25.5,2.1,.8,133,62,6.9,13.1,8.7,8.3,.89,5.1
2017,126,26,35.7,18.6,27.3,54.1,11.2,23.7,2.93,29.02,0,39.1,26.2,32.2,26,25.6,25.9,4.4,3.4,191,39,12.9,13,10.4,10.1,.82,3.9
2017,127,26,23.2,13.8,18.4,72.6,17.6,34.6,1.43,28.14,0,35.3,24.1,29,26.2,25.9,26.1,2.9,2.4,222,35,9.5,5.7,7.3,6.2,.71,1.5
2017,128,26,27.5,10.6,18.8,89.9,20,39.2,1.45,24.38,.51,36,20.9,27.5,26,25.5,25.8,2.3,1.5,210,49,11.1,6.6,6,5.8,.8,3.4
2017,129,26,24.6,13.5,18,93.8,25.6,58.9,.97,27.43,.76,35,21.3,27.2,25.5,25.1,25.4,2,.4,207,72,6.7,6.3,5.8,5.3,1.14,8.6
2017,130,26,26.7,12.1,19.9,77.3,26.1,50.5,1.3,26.8,0,35.2,20.7,27.7,25.2,24.9,25.1,1.6,.8,214,55,5.7,6.7,6,5.2,1.1,8.4
2017,131,26,33.8,14.1,24.4,68.5,19.2,40.5,2.1,29.18,0,38.8,21.8,29.7,25.1,24.9,25,1.8,.8,245,61,6.7,10.5,7.6,6.7,1.14,8.9
2017,132,26,36.5,16.2,27.2,70.2,12.1,32.7,2.76,28.18,0,40.4,23.9,31.6,25.3,24.9,25.2,1.6,.4,209,69,6.8,12,7.7,6.8,1.07,7.7
2017,133,26,36.5,16.9,27.6,47.1,9.9,23.4,3.08,29.99,0,40.1,24,31.7,25.7,25.3,25.6,2.4,1.6,209,45,8.8,12.3,9.2,8.2,.81,3.7
2017,134,26,32.9,16,24.7,53.2,11.5,25.8,2.48,24.74,0,37,23.8,29.9,26,25.7,25.9,3.1,1.8,199,53,11,11.2,8,7.9,.76,2.7
2017,135,26,28.7,13.6,22,60.6,14.4,29.1,1.98,29.32,0,36,22.1,28.8,26,25.7,25.8,3.2,2.3,216,43,11.8,8.4,8.6,7.4,.75,2.7
2017,136,26,26.8,11.3,19.6,61.5,16.8,33.1,1.65,27.94,0,35.3,21.4,27.9,25.8,25.5,25.7,2.4,1.9,213,39,7.9,6.5,7.2,6.3,.71,2.1
2017,137,26,30.5,13.3,22.6,58.6,16.6,35.5,1.94,29.62,0,37.4,21.3,28.9,25.6,25.3,25.4,2.9,2,226,44,10.2,9.1,8.2,7.3,.91,5.6
2017,138,26,30.7,15.3,23.5,52.3,7.5,23.7,2.4,30.83,0,37.2,22.8,29.5,25.5,25.3,25.4,3.1,2.3,284,40,10.4,10.2,9.3,8.2,.6,-1.1
2017,139,26,32.5,14.8,23.3,37,7.4,21.8,2.43,30.9,0,39.4,21.9,29.9,25.6,25.4,25.5,2.7,1.7,319,51,9.8,10.5,8.6,8.1,.57,-1.3
2017,140,26,35,14.9,25.9,47,9.3,24.4,2.71,30.76,0,40.5,22.9,31.1,25.7,25.5,25.6,2,.9,99,59,6.5,11.1,8.6,7.5,.81,3.5
2017,141,26,38.1,15.1,28.1,49.6,6.2,23.3,3.21,30.75,0,42.5,23.8,32.6,26,25.6,25.8,1.6,.3,88,73,5.2,11.7,8.6,7.3,.86,4.4
2017,142,26,40.5,17.3,29.9,55.4,6.2,20.6,3.73,30.25,0,43,25.1,33.6,26.4,25.9,26.2,2,.5,184,71,8.8,13,9.2,8.3,.79,3.1
2017,143,26,40.3,19.6,31.6,40.2,5.4,16.6,4.18,31.1,0,44.1,26.5,34.8,26.8,26.3,26.6,1.8,.5,170,68,4.8,13.9,9.4,8.1,.71,1.9
2017,144,26,42.4,20.4,32.1,32.6,6,15.8,4.41,29.1,0,43.4,26.9,34.6,27.2,26.8,27.1,2.9,1.2,209,63,10.2,14.4,10.3,10,.69,1.5
2017,145,26,38.5,20.1,29.8,36.1,4.6,16.3,3.76,29.69,0,41.2,27.1,33.7,27.5,27.2,27.4,3.2,2.7,207,32,10,14,10.4,9.8,.61,-.3
2017,146,26,34.5,17,26.9,46.5,8.1,21.5,2.98,31.25,0,41.3,25.3,32.9,27.6,27.4,27.5,2.4,1.7,194,44,7.5,12,9.3,8.1,.7,1.7
2017,147,26,37.2,16.3,27.1,37.5,9.2,20.7,3.08,30.91,0,43,25,33.5,27.6,27.4,27.5,1.5,.3,329,73,5.2,12.1,8.4,7.3,.7,1.8
2017,148,26,39.4,15.9,29.1,44.8,4.2,18.4,3.66,31.43,0,44,25.8,34.4,27.7,27.5,27.6,1.4,.2,237,74,4.7,12.2,8.8,7.4,.65,.4
2017,149,26,40.4,17.4,29.7,44.5,4,19.2,3.78,27.07,0,41.8,26.3,34,27.9,27.6,27.8,1.5,.4,76,68,6.1,13,8,7.2,.7,1.4
2017,150,26,39.5,20.6,30.4,44.7,7.2,19.9,3.81,30.19,0,44.2,27,35,28,27.8,27.9,1.7,.4,229,71,7.1,14.2,8.9,7.7,.77,3.1
2017,151,26,38.5,18.5,29.8,51.9,10.2,21.9,3.56,27.24,0,43.4,27.4,35,28.2,28,28.1,2.2,1.2,232,54,9.5,13.2,8.5,8,.86,4.6
2017,152,26,36.8,22.3,29.5,45.1,9.6,23,3.36,30.23,0,44.2,28.9,35.7,28.5,28.2,28.4,2.1,1.3,248,50,8.1,14.7,9.1,8.1,.89,5.2
2017,153,26,39.1,18.5,29.8,54.9,9,26.2,3.47,30.11,0,44.4,27.2,35.3,28.7,28.4,28.6,1.7,1,229,51,5,13.3,8.6,7.6,.97,6.5
2017,154,26,42,19.7,32.3,45.5,8.2,21.5,4.15,29.95,0,45.2,28.2,36.4,28.8,28.6,28.7,1.9,.9,207,60,5.7,14.1,9.2,8.4,.96,6.3
2017,155,26,42.4,22.8,32.9,36.4,8.2,19.5,4.38,30.11,0,45.8,29.1,37.1,29.1,28.8,29,1.8,1.2,245,47,5.7,15.3,9.3,8.3,.89,5.3
2017,156,26,42,22.8,33.3,44,9.2,20.4,4.41,29.77,0,45.8,29.7,37.3,29.4,29,29.3,2,1.4,237,43,6.3,15.3,9.5,8.6,.95,6.2
2017,157,26,41.3,23.4,32.3,41.9,11.1,23.8,3.97,28.27,0,45.8,30,37.3,29.6,29.3,29.5,1.9,1.2,248,50,6.5,15.4,8.7,8.2,1.09,8.1
2017,158,26,41,21.2,31.8,46.7,6.6,21.6,4.04,30.36,0,45.7,29.1,36.9,29.8,29.6,29.7,1.9,.8,243,63,7.9,14.6,9.3,8.4,.91,5.3
2017,159,26,40.2,17.8,30.7,44.4,8.6,20.4,3.83,28.66,0,44.5,28.2,36.1,29.9,29.7,29.8,1.8,.6,257,65,8.4,13.2,8.6,7.8,.86,4.5
2017,160,26,40.8,22.9,32.3,45.5,8.9,20.2,4.17,30.4,0,45.4,29,36.8,29.9,29.7,29.8,2.3,1.3,223,52,7.9,15.3,9.8,8.9,.9,5.2
2017,161,26,39.1,20.5,30.7,48.2,6.8,21.6,3.71,30.99,0,45,28.7,36.4,30,29.8,29.9,2.4,1.9,198,39,8.1,14.2,9.7,8.9,.87,4.7
2017,162,26,36.5,19.8,29.3,59,11.8,28.8,3.1,30.4,0,43.2,29.2,35.9,30.1,29.9,30,3.4,2.6,199,39,10.8,13.6,10,9.4,1.09,7.9
2017,163,26,32.9,16.8,26.2,52.4,8.5,24.6,2.72,31.26,0,42.4,27.8,34.6,30.1,29.8,30,2.5,1.9,236,42,7.9,11.6,9.2,8,.78,3
2017,164,26,35.7,14.2,25.7,51,4.7,17.8,2.97,32.07,0,43.3,24.6,33.5,29.9,29.5,29.7,1.9,.1,31,80,5.3,10.9,8.9,7.7,.57,-1.3
2017,165,26,39.5,14.7,28.4,46.5,3.5,17.6,3.56,32.21,0,44.9,25.3,34.6,29.6,29.3,29.5,1.4,.4,69,68,4.2,11.8,8.9,7.5,.64,.1
2017,166,26,41,15.8,29.8,47.8,4.5,18.4,3.77,32.08,0,46,26.3,35.7,29.6,29.3,29.5,1.3,.4,84,66,3.4,12.3,9,7.5,.79,2.5
2017,167,26,43.2,18,31.1,49.6,3.5,21,4.01,31.68,0,46.5,27.5,36.6,29.7,29.4,29.6,1.4,.5,147,66,4.4,13.6,9.1,7.9,.9,4.7
2017,168,26,43.4,20.3,32.5,56.8,3.6,17,4.47,31.25,0,46.6,28.6,37.2,29.9,29.6,29.8,1.7,.3,232,74,5.4,14.4,9.5,8.4,.77,2.3
2017,169,26,45.6,21.3,34.4,49.8,5.1,18.1,5.01,29.83,0,46.6,29.5,37.7,30.1,29.8,30,2,.9,237,61,6.9,15,9.7,9.1,.86,4.1
2017,170,26,47.4,23.4,36.3,45.3,5.4,16.9,5.53,29.44,0,48.2,31.1,39.2,30.4,30,30.3,1.4,.2,253,74,5.6,15.7,9.2,8.1,.92,5.5
2017,171,26,48.3,25.8,37.2,39.6,6.7,17.6,5.7,29.18,0,49,32,40.1,30.8,30.4,30.6,1.6,.5,103,66,5.6,16.5,9.3,8.5,1.06,7.6
2017,172,26,47.4,27.6,37.8,37.1,6.8,17.9,5.8,29.01,0,48.4,33.2,40.5,31.2,30.8,31,2.5,1.7,224,45,6.6,16.9,10.3,10.2,1.08,7.9
2017,173,26,45,25.8,36.4,50.7,10.7,26.4,4.85,29.45,0,48,33.2,40.5,31.5,31.2,31.4,3.1,2.4,234,40,8.3,16.4,10.4,10.6,1.47,12.5
2017,174,26,44.8,23.8,35.5,60.7,10,27.7,4.65,29.39,0,47.9,33.1,40.3,31.8,31.5,31.7,2.6,2,239,39,8.5,15.8,9.9,9.8,1.43,12
2017,175,26,46.7,26.6,36.9,42.5,7.2,21.4,5.3,28.05,0,48.6,32.9,40.4,32,31.7,31.9,1.8,.9,212,57,6.7,16.6,9.1,8.6,1.24,10
2017,176,26,46.4,29.3,38.2,46.9,7.7,21.7,5.58,29.23,0,49.4,35,41.7,32.2,31.9,32.1,2.3,1,200,61,8.5,17.2,10.1,9.6,1.33,11
2017,177,26,45,27.2,36,54.8,7.4,27.9,4.7,29.19,0,49.1,34.2,41.2,32.5,32.2,32.3,2,1.1,257,54,8.7,16.8,9.5,9,1.5,12.3
2017,178,26,43.8,24.2,35,44.2,4.6,17.4,5.02,30.68,0,47.8,32.3,39.8,32.7,32.4,32.5,2.4,1.5,213,49,8.2,15.9,10.5,9.7,.87,4.5
2017,179,26,42,22.9,33.5,48.9,9.6,26,4.15,29.87,0,47.8,31.7,39.4,32.6,32.3,32.5,2.2,1.4,206,47,6.3,15.3,9.4,8.8,1.25,10
2017,180,26,42.6,22.2,33,50,9.5,26.7,4.07,30.1,0,48.5,31.3,39.5,32.6,32.3,32.4,1.6,.4,279,69,5.3,15,8.8,7.9,1.21,9.6
2017,181,26,42.8,22.6,33.3,38.8,7.3,21,4.34,30.27,0,48.5,31.2,39.5,32.6,32.3,32.4,1.3,.2,37,75,3.9,15.3,8.7,7.5,1.01,6.9
2017,182,26,43.8,22.3,33.5,50.5,3.9,20.2,4.54,30.47,0,48.3,31.5,39.5,32.6,32.3,32.4,1.9,.5,180,71,7.2,15.2,9.6,8.7,.92,5.1
2017,183,26,42.1,21.1,33.1,44.2,9.4,21.8,4.27,29.31,0,47.8,30.8,39.1,32.6,32.3,32.4,2,.7,199,64,8.1,14.6,9.2,8.4,1.09,7.6
2017,184,26,41.7,26.8,34.3,52.1,17.4,33,3.88,28.47,0,48.1,33.2,40.2,32.5,32.3,32.5,2.1,1.5,242,44,6.9,16.6,8.8,8.5,1.7,14.9
2017,185,26,44,25,34.9,57.5,9.4,28.3,4.41,29.66,0,48.9,32.9,40.5,32.7,32.4,32.6,1.7,.8,231,60,5.8,16.1,9.1,8.3,1.44,12.1
2017,186,26,44.8,26.4,36.2,47.5,9.6,23.9,4.9,29.14,0,48,33.1,40.2,32.8,32.6,32.7,2.3,1.6,261,45,8.2,16.5,9.8,9.3,1.35,11.2
2017,187,26,45.8,26.9,36.2,56.9,9.6,32,4.39,29.25,0,49.6,33.4,41.1,32.9,32.7,32.8,1.3,.3,138,70,4.9,16.7,8.5,7.9,1.84,16
2017,188,26,47.2,27,38.1,52,9.5,27.3,5.19,29.16,0,50.5,34.7,42.2,33.1,32.8,33,2,1.3,74,46,10.9,16.8,9.3,9.1,1.74,14.8
2017,189,26,45.6,30.6,39,49.7,12.1,23.8,5.48,28.05,0,50.7,37.5,43.6,33.5,33.1,33.3,2.5,1,192,62,8.5,17.2,9.6,9.7,1.63,14.2
2017,190,26,43.5,27.7,36.1,66.2,17,35,4.16,28.92,0,49.8,35.6,42.5,33.8,33.4,33.7,2.8,2.4,230,33,11.8,16.8,9.4,9.7,1.98,17.2
2017,191,26,43,27.3,36.4,76.9,18.8,37.3,4.13,28.53,0,50,36.1,42.6,33.9,33.7,33.8,2.4,1.5,238,50,9.1,16.7,9.1,8.9,2.12,18.3
2017,192,26,41.9,27.7,35,62,20.8,40,3.58,24.3,0,48.1,36.2,41.7,34.1,33.8,34,2.4,1.3,106,55,7.3,16.8,7.6,8.1,2.17,18.8
2017,193,26,43.3,27.8,36.5,57.4,19.2,35.6,4.18,28.28,0,49.6,35,41.9,34.1,33.9,34,1.8,.8,213,59,6.7,16.8,8.7,8.1,2.08,18.1
2017,194,26,43.8,28.5,36.2,66.3,20.8,39.3,3.88,27.91,0,49.3,35.8,42.1,34.2,33.9,34,2.2,1.9,237,33,7.6,17,8.7,8.7,2.25,19.3
2017,195,26,45.2,30.2,36.6,62.1,15.8,37.9,4.05,28.25,0,50.1,36,42.6,34.2,34,34.1,2,.5,122,70,10.4,17.2,8.7,8.8,2.23,19.1
2017,196,26,42.7,28.7,35.7,74.2,21.4,42.7,3.62,27.06,0,50,36.4,42.7,34.4,34.2,34.3,2.3,.4,229,73,10.9,17,8.6,8.5,2.39,20.3
2017,197,26,41.4,25.8,34.1,82.1,28.3,51.3,2.91,28.28,0,49.5,35.1,41.9,34.5,34.2,34.4,2.1,.6,150,68,17.5,16.3,8,7.9,2.61,21.7
2017,198,26,39.1,25.6,31.8,88.2,30.9,58.7,2.14,20.68,0,45.8,35.2,39.8,34.5,34.2,34.4,2.3,2,93,29,10.8,16.1,5.6,6.4,2.65,22
2017,199,26,41,27.5,33.3,76.5,27,53.6,2.6,25.74,0,48.9,34.6,40.6,34.2,34,34.1,2.4,1.7,95,44,10.1,16.7,7.5,7.8,2.63,21.8
2017,200,26,40.5,28.9,34.3,77.6,29,52.9,2.72,21.44,0,45.9,35.1,39.6,34.2,33.9,34,1.5,.6,151,62,8.3,17.1,5.9,6.3,2.78,22.7
2017,201,26,41.3,27.6,35.3,76,23.7,45.4,3.35,27.71,0,48.6,33.8,40.5,34,33.8,33.9,2,.6,123,68,9,16.8,8.2,7.9,2.47,20.7
2017,202,26,41.8,29.1,35.8,64.8,23.3,44.1,3.49,26.71,0,48.8,35.2,41.3,34,33.8,33.9,2.1,.9,123,61,8.2,17.1,8.1,8,2.48,20.8
2017,203,26,46.5,28.1,34.8,88.4,21,48.4,3.15,25,10.92,48.4,33.3,39.7,34.1,33.9,34,1.9,.2,254,77,16.9,16.9,7.5,8,2.53,21
2017,204,26,39.7,27.7,33.5,87.4,27.7,56.3,2.54,25.68,0,43.6,29.9,35.5,34.1,33.5,33.9,1.8,.6,88,65,14.7,16.8,7.1,7.1,2.76,22.6
2017,205,26,34.1,24,28.2,100,61.3,84,.67,11.6,49.28,33.7,27,30.2,33.6,32.7,33.3,1.9,1.4,84,43,8.3,15.1,2.7,3.3,3.18,25
2017,206,26,40,27.5,32.8,99.1,23.9,61,2.22,26.41,0,37,28,32,32.8,31.7,32.2,1.5,.9,88,50,5.2,16.8,6.8,6.9,2.86,23.1
2017,207,26,40.8,26.4,34.5,83.6,23.9,49.1,3.09,28.09,0,41.8,27.9,34.2,31.9,31.5,31.7,1.1,.6,128,54,4,16.5,7.6,6.9,2.52,21
2017,208,26,43,27.1,36.3,86.2,16.5,43,3.79,28.45,0,43.2,29.7,36.2,32.2,31.7,31.9,2,.5,162,70,10.4,16.7,8.6,8.3,2.39,20.1
2017,209,26,38.1,28.9,33.8,74.9,31.6,49.6,2.76,20.22,0,40.1,32,35.8,32.5,32.1,32.4,2.5,.4,135,74,9.5,17.1,6.3,6.8,2.55,21.4
2017,210,26,41.2,26.9,32.1,90.7,28.1,63.6,2.03,23.99,4.06,42.8,30.8,35.1,32.7,32.3,32.5,2.2,.9,223,62,11.1,16.6,6.8,7.2,2.89,23.4
2017,211,26,39.9,26.4,31.5,100,28.5,72.3,1.51,24.08,1.27,39,28.9,33.1,32.6,32,32.3,1.3,.7,112,56,4.9,16.4,6,6.1,3.22,25.2
2017,212,26,40.9,28.3,34.8,84.9,31.4,52.7,2.84,26.05,0,43,29.9,35.8,32.1,31.8,32,1.3,.1,170,76,4.2,16.9,7,6.8,2.83,23.1
2017,213,26,40.1,30.8,34.6,83.6,36.9,54.3,2.54,14.94,0,38.3,31.6,34.6,32.4,32,32.2,1.6,.4,124,70,6.7,17.2,4.1,5.1,2.96,23.7
2017,214,26,40,27.4,33.1,77.6,38.6,58.7,2.17,15.97,0,38.1,30.1,33.3,32.3,31.9,32.1,2.8,2.7,79,20,9.1,16.7,5.1,6.1,2.94,23.7
2017,215,26,42.8,28.6,34.3,79,28.5,59,2.39,24.48,0,43.5,30.4,35.5,32,31.7,31.8,2,.8,61,63,14.8,17.1,7.1,7.4,3.11,24.6
2017,216,26,45.6,26.6,34.8,85.1,26.6,55.7,2.76,27.43,0,43.4,30.4,36.3,32.1,31.9,32,1.6,1.2,116,41,5.2,16.6,7.4,7.8,2.95,23.7
2017,217,26,44.4,27,35.2,71.6,19.7,44.8,3.37,27.34,0,43.5,31.2,36.9,32.5,32.1,32.3,1.5,.8,170,55,5.5,16.7,7.9,7.6,2.45,20.5
2017,218,26,46,24.4,34.6,60.3,15.4,37.6,3.74,28.1,0,43.3,30.7,36.7,32.7,32.4,32.6,1.2,.4,82,66,5,16,7.9,7.3,1.96,17
2017,219,26,41.7,24.9,33.7,55.7,12.6,32.4,3.78,28.51,0,42.8,30.9,36.5,32.8,32.6,32.7,1.4,.1,125,119,5.8,16,8.3,7.3,1.61,13.6
2017,220,26,42.8,23.4,33,42,11,26.6,4,28.72,0,42.8,30.7,36.3,32.9,32.6,32.8,1.4,.4,51,116,4.6,15.6,8.3,7.3,1.25,10
2017,221,26,43.4,22.4,33.7,64.7,11.3,28.2,4.15,27.48,0,43,30.8,36.6,32.9,32.6,32.8,1,.2,74,73,4,15.2,7.8,6.5,1.37,11.4
2017,222,26,40.4,24.1,33.1,87.8,21.9,44.5,2.94,18.33,.25,39.9,33,36.3,33,32.7,32.9,2,.4,229,72,12.6,15.6,5.4,6.2,2.2,18.8
2017,223,26,39.6,24.1,31.5,94.2,22.5,58.2,2.35,23.52,2.29,40.6,30.8,35.3,33,32.6,32.8,1.3,0,38,80,6.8,15.6,6,6,2.45,20.6
2017,224,26,39.9,25.8,32.4,84.4,26.5,53.5,2.49,24.23,.25,42.5,31.3,36.3,32.8,32.5,32.7,1.7,1.3,92,40,7.1,16.2,6.8,6.7,2.49,21
2017,225,26,38.1,24.9,30.7,83.2,30.5,57.8,2.06,25.75,.25,42,31.3,36.1,32.9,32.6,32.7,3.2,2.8,83,29,9.5,15.9,7.2,7.8,2.46,20.8
2017,226,26,39.6,25.4,32.2,66.5,16.7,35.8,3.29,27.2,0,42.7,31.7,36.7,32.9,32.7,32.8,1.7,1,221,52,6.7,16.1,8,7.2,1.64,14
2017,227,26,37.7,21.8,30.2,46.8,7.4,21.5,3.54,28.07,0,41.4,30.2,35.3,33,32.7,32.8,1.7,1.1,226,50,6.9,14.6,8.4,7.1,.88,5
2017,228,26,38.8,21.6,30.3,48.5,13,26,3.42,27.53,0,41.2,29,34.7,32.8,32.4,32.6,1.6,.9,82,54,6.1,14.6,7.9,7,1.07,7.9
2017,229,26,40.5,21.3,31.1,52.4,10.4,26.9,3.63,27.92,0,41.6,29.3,35,32.6,32.2,32.4,1.5,.8,70,56,5.5,14.6,8,7,1.1,8.2
2017,230,26,41,21.1,31,66,9.1,26.5,3.69,27.82,0,41.6,29.4,35,32.5,32.2,32.3,1.5,.5,98,65,6,14.6,8.2,7.1,1.06,7.7
2017,231,26,39.9,21.6,32.1,66.2,17,31,3.55,26.34,0,41.9,30.3,35.7,32.4,32.2,32.3,1.6,.6,193,63,5.3,14.7,7.7,6.8,1.42,12.1
2017,232,26,38.1,24.1,31,61.2,18.2,39.3,2.87,16.16,0,38.3,31.2,34.5,32.5,32.3,32.4,1.4,.7,80,56,4.8,15.5,4.6,5.1,1.71,14.9
2017,233,26,39.8,24.1,32,70,13.7,34.4,3.35,22.59,0,40.8,30.7,35,32.3,32,32.2,1.8,.2,281,77,7.1,15.7,6.8,6.6,1.53,13.1
2017,234,26,41.2,24.5,32.8,55.3,13.7,31.5,3.69,25.23,0,42.1,30.4,35.8,32.3,32,32.2,1.3,.2,120,76,4.4,15.8,7.3,6.5,1.48,12.7
2017,235,26,41.3,26.2,33.1,56.2,20,38.1,3.36,25.02,0,43,31.6,36.7,32.4,32.2,32.3,2,1.3,113,49,11,16.4,7.5,7.5,1.85,16.3
2017,236,26,39.5,23.2,32,74.4,15.3,37.8,3.2,25.85,0,42.3,31.9,36.6,32.7,32.4,32.6,2.6,2.1,80,36,9.9,15.3,8,7.9,1.7,14.8
2017,237,26,41.5,23.6,32.8,64.3,11.7,35.5,3.57,25.83,0,42.9,31.2,36.7,32.8,32.6,32.7,1.4,.6,118,61,5.4,15.6,7.4,6.6,1.65,14.4
2017,238,26,43.5,23.2,33.4,61,13.5,33,3.78,22.42,0,42.8,31.6,36.6,32.9,32.7,32.8,1.6,.7,100,61,6.7,15.5,6.8,6.7,1.61,14
2017,239,26,41.8,27.2,34.9,63.4,16.1,33.1,3.94,24.55,0,43.8,33,37.8,32.9,32.7,32.8,2.2,1.8,90,35,8.7,16.7,7.8,7.7,1.79,15.7
2017,240,26,43.4,28.2,36.4,52,10.2,25.4,4.7,25.03,0,44.3,34.1,38.5,33.2,32.9,33.1,2.7,2.4,81,26,8.4,16.9,8.7,8.8,1.49,12.9
2017,241,26,43.2,28.5,35.5,51.1,12.6,26.7,4.38,24.7,0,44.2,33.9,38.4,33.5,33.2,33.4,2.7,2.5,80,22,9.3,17.1,8.5,8.7,1.52,13.1
2017,242,26,42.2,28.6,35.2,41.9,13.1,26.5,4.29,24.29,0,44.1,33.6,38.1,33.6,33.4,33.5,2.9,2.6,76,22,9,17,8.6,8.8,1.5,12.9
2017,243,26,41.1,26.7,33.6,48.6,10.1,21.9,4.18,24.64,0,43.2,32.7,37.2,33.7,33.4,33.5,2.7,2.4,74,28,8,16.6,8.6,8.5,1.12,8.5
2017,244,26,40.8,22.3,31.9,57.9,12.3,30.3,3.51,24.26,0,43,30.7,36.4,33.6,33.2,33.4,1.4,.6,82,62,8.7,15,7,6.2,1.43,11.8
2017,245,26,38.2,25.2,30.7,79.6,26.3,54.2,2.19,19.92,0,41.7,32.3,36.5,33.4,33.1,33.2,1.5,.5,182,67,9.1,16,5.4,5.4,2.32,19.7
2017,246,26,38.1,24.7,30.5,74,27.6,52.2,2.27,22.33,0,42.8,31.4,36.3,33.3,33,33.1,1.6,1.3,213,38,5.8,15.7,6.2,5.9,2.2,18.9
2017,247,26,39.1,24.1,31.4,78,24.3,48.7,2.65,23.16,0,42.3,31.6,36.5,33.2,32.9,33,1.6,1.2,230,44,7.9,15.6,6.6,6.2,2.09,18
2017,248,26,40.9,24,32.5,65.2,19.2,39.5,3.23,22.92,0,43.1,31.3,36.7,33.1,32.9,33,1.4,.7,118,58,6.9,15.6,6.5,6,1.84,16.1
2017,249,26,42.6,24.1,32.4,62.4,11.2,33.6,3.51,22.96,0,42.9,31.5,36.6,33.1,32.9,33,1.5,.9,82,52,6.9,15.8,6.9,6.5,1.54,13.3
2017,250,26,40.4,24.8,31.3,63.1,19.5,38.6,3.02,21.45,0,43,31.3,36.3,33.1,32.8,33,1.2,.1,195,78,7.4,15.9,6.1,5.5,1.71,14.9
2017,251,26,36,25.2,29.8,72.6,27.5,45.1,2.41,12.44,0,38.1,31.8,34.5,33.1,32.8,32.9,1.2,.2,100,73,8.2,15.8,3.6,4,1.84,16.1
2017,252,26,35.2,24.5,29.1,76.2,30.5,53.5,1.98,17.98,0,39.3,30.6,34,32.8,32.3,32.6,2.7,.7,359,69,8.5,15.4,5.3,5.9,2.1,18.2
2017,253,26,40,21.3,30.6,86.4,21.1,49.9,2.61,23.28,0,42,29.3,35,32.4,32.1,32.2,1.6,.2,298,76,5.8,14.6,6.5,6.1,1.99,17.3
2017,254,26,41.9,26.1,33.8,60.8,18.6,32,3.8,22.07,0,42.9,31.5,36.4,32.3,32.1,32.2,2.1,1.2,82,52,8.4,16.4,7.1,7.1,1.62,14.2
2017,255,26,42.5,25,33.5,59,13.4,32.5,3.78,22.91,0,43.7,31.5,36.9,32.5,32.3,32.4,1.6,.7,268,61,3.8,16.1,7,6.4,1.58,13.8
2017,256,26,41,22.8,32.3,64.2,14.8,34.8,3.5,22.75,0,42.9,31.1,36.5,32.7,32.5,32.6,1.7,1.3,224,37,6.1,15.2,7,6.4,1.55,13.5
2017,257,26,36.2,22.9,30.3,58.3,17.6,33.3,2.98,22.82,0,41.1,30.9,35.5,32.8,32.6,32.7,2.2,1.7,224,38,8.4,14.9,7.2,6.5,1.43,11.9
2017,258,26,35.1,20.8,27.5,61.9,15.1,34.2,2.58,23.07,0,40.4,28.5,33.8,32.7,32.3,32.5,1.7,.9,186,54,7.2,13.8,6.6,5.7,1.21,9.6
2017,259,26,36.7,17.8,27,68.2,12.7,36.6,2.56,23.12,0,40.4,27.4,33.2,32.3,31.9,32.1,1.3,.6,71,59,4.9,12.7,6.1,5.3,1.19,9.4
2017,260,26,35.7,16.7,26.6,63.5,12.3,31.8,2.64,23.28,0,40.1,26.9,33,32,31.6,31.8,1,.3,304,69,3.9,12,6.1,4.8,1.02,7.1
2017,261,26,36.2,15.9,26.2,60.5,9.2,30.3,2.7,23.49,0,39.4,26.1,32.1,31.7,31.3,31.5,1.5,.4,119,69,5.2,11.8,6.5,5.5,.92,5.6
2017,262,26,36.5,14.9,26.4,69.4,12.3,28.8,2.76,23.05,0,38.9,25.6,31.6,31.4,30.9,31.2,2,.7,165,64,6.7,11.3,6.9,6.2,.92,5.6
2017,263,26,36.2,17.4,27.1,44.9,13.6,26.5,2.84,22.36,0,39.2,25.9,31.8,31,30.7,30.9,2.3,.9,121,62,6.3,12.5,6.9,6.5,.94,5.9
2017,264,26,35.2,18.5,27.1,48.9,14.1,27.6,2.78,22.48,0,38.5,26.1,31.7,30.8,30.5,30.7,2.7,1.4,162,55,8.1,12.8,7.2,6.9,.94,6
2017,265,26,30.2,14.3,23.2,67.5,12.6,33.6,2.01,22.08,0,37.5,26.4,31.1,30.7,30.4,30.5,1.6,1.1,232,42,6.3,9.5,5.8,4.8,.91,5
2017,266,26,28.9,10.3,20,58.1,12.3,29.1,1.87,22.42,0,35.4,22.5,28.4,30.5,29.9,30.2,1.4,.8,250,53,6.7,7.2,5.7,4.5,.62,.2
2017,267,26,30.4,11.8,21.1,44.8,7.2,21.6,2.14,22.71,0,35.3,22.5,27.9,29.9,29.4,29.7,2.3,2,309,28,6.4,8.5,6.5,5.8,.49,-3.2
2017,268,26,31.7,9.4,20.5,56.8,8.4,25.7,2.05,21.9,0,35.4,20.9,27.3,29.4,28.8,29.2,1.4,.4,298,68,4.2,8.1,5.7,4.8,.56,-1.3
2017,269,26,32.1,12,21.6,63.1,8.3,27.2,2.11,18.78,0,33.9,21.4,27,28.9,28.5,28.7,.9,.2,351,70,5.2,9,4.7,3.8,.64,.6
2017,270,26,33.3,13.6,22.7,60.5,9.9,26.9,2.23,21.32,0,35.8,22.4,28.3,28.5,28.2,28.4,1.1,.1,67,76,4.5,10.1,5.4,4.3,.7,1.6
2017,271,26,35.1,11.3,23.4,70.6,10.9,30.5,2.31,21.29,0,36.1,21.9,28.3,28.4,28.1,28.3,1.1,.1,145,78,4.5,9.6,5.5,4.4,.81,3.8
2017,272,26,36.5,15.3,25,55.2,9.4,29.3,2.54,20.91,0,36.8,22.7,29,28.3,28.1,28.2,1,.2,346,71,4,11.5,5.4,4.3,.86,4.5
2017,273,26,36.2,14.9,25.1,55.3,8.9,27.4,2.62,20.86,0,36.7,23.2,29.2,28.3,28.1,28.2,1.2,.2,224,74,5.6,11.3,5.7,4.6,.8,3.6
2017,274,26,35.8,15.5,25.5,61.5,9.1,27.9,2.65,20.62,0,36.4,23.2,29,28.3,28.1,28.2,1.7,.5,146,68,5.7,11.5,6,5.4,.83,4.1
2017,275,26,32.2,15.4,24,60,19.1,35,2.11,20.08,0,35.8,23.5,29,28.3,28.1,28.2,1.6,.5,196,67,6.6,10.7,5.4,4.6,1.01,7.1
2017,276,26,34.5,13.9,23.9,66.6,12.6,32.2,2.27,20.26,0,35.8,22.8,28.4,28.2,28,28.1,1.2,.7,55,53,5.9,10.5,5.2,4.3,.89,5.2
2017,277,26,36.5,14.6,24.7,60.4,13.8,28.4,2.51,19.81,0,36.7,22.6,28.9,28.1,27.9,28,.8,.3,332,64,3.3,11.2,5,3.9,.86,4.5
2017,278,26,36.5,15.7,25.5,57.1,10.2,27.8,2.69,21.25,0,36.4,23.5,29.2,28,27.9,28,1.4,.8,326,78,4.2,11.8,5.9,4.9,.82,3.9
2017,279,26,36.5,12.5,24.8,52,3.7,19.1,2.87,20.19,0,34.7,22.5,28.1,28.1,27.8,28,2.4,1.9,287,36,8.3,10.3,6.8,6.5,.52,-2.4
2017,280,26,35.5,13.7,24,39.3,6.3,17.6,2.7,19.75,0,35.2,21.5,27.5,27.9,27.6,27.8,1.6,.4,25,69,5.4,10.6,5.8,5,.5,-2.9
2017,281,26,34.9,9.3,23.3,48.9,8,20.1,2.63,19.42,0,34.4,20.5,26.9,27.7,27.3,27.5,1.8,.5,161,69,7.1,8.9,5.9,5.2,.52,-2.4
2017,282,26,30.8,15.4,23.1,54.9,9.2,23.8,2.3,19.04,0,34.3,22.3,27.4,27.4,27.2,27.3,1.7,.7,26,63,8,10.3,5.4,4.6,.62,-.3
2017,283,26,31.6,18.5,24.9,35.1,9.6,16,2.72,19.73,0,32.8,22.5,26.9,27.3,27.1,27.2,3.7,3.2,60,30,10.9,12,7.5,7.3,.5,-3.3
2017,284,26,35.1,13.7,23.8,59.9,10.7,28,2.44,19.41,0,34.4,21.3,26.9,27.2,26.9,27,1.9,.6,69,67,8.1,10.5,5.9,5.2,.76,2.8
2017,285,26,34.8,13.1,23.7,60.6,9.8,27.1,2.42,19.41,0,34.4,21.2,27.1,27,26.8,26.9,1.3,.5,26,64,4.3,10.2,5.3,4.3,.73,2.4
2017,286,26,34.8,13,23.8,55.2,12.7,28,2.39,18.93,0,34.6,21.5,27.4,26.9,26.7,26.8,1.4,.2,21,74,5.9,10.2,5.3,4.4,.78,3.2
2017,287,26,34.5,13.3,23.6,60,10.2,27.7,2.35,18.75,0,34.5,21.4,27.2,26.9,26.7,26.8,1.6,.4,324,70,5.4,10.2,5.3,4.6,.76,2.6
2017,288,26,34.8,12.4,23.6,42,6,18.4,2.62,18.87,0,34,20.7,26.6,26.9,26.6,26.7,1.5,.8,300,53,4.7,9.8,5.4,4.5,.52,-2.9
2017,289,26,35.7,14.1,24.9,57.2,12.1,24.1,2.64,18.02,0,33.8,21.3,26.9,26.7,26.5,26.6,1.8,1.2,60,49,8.4,10.8,5.7,5,.76,2.5
2017,290,26,35.9,15.3,25.1,64.1,17.6,33.7,2.32,16.43,0,33.8,21.9,27.4,26.6,26.4,26.5,1.6,.8,61,56,7.6,11.4,4.8,4.5,1.1,7.7
2017,291,26,35.2,14.9,25.5,69.2,12.6,30.2,2.47,14.3,0,32.9,22.5,27.4,26.6,26.5,26.5,1.1,.3,20,68,3.1,11.1,3.9,3.6,.95,6
2017,292,26,34.5,17.5,25.3,62.6,15.1,33.2,2.35,16.67,0,34.8,23.3,28.2,26.6,26.5,26.6,1.3,.3,136,71,6.8,12.2,4.7,4,1.02,7.2
2017,293,26,29.2,15.5,22.5,66.7,26.8,39.6,1.73,17.01,0,32,22.7,26.8,26.7,26.5,26.6,2.8,1.6,210,54,9.6,9.6,5.3,4.9,1.06,7.8
2017,294,26,29.4,12.7,20.2,73,16.6,43.5,1.49,16.49,0,32,20.8,25.6,26.6,26.3,26.5,1.5,.3,308,73,4.8,8.2,4.1,3.6,.98,6.1
2017,295,26,33.5,11.6,22.1,53.7,7.1,19.4,2.32,17.63,0,32.3,19.4,25.1,26.3,26,26.2,1.6,.9,317,55,4.5,9.4,5,4.3,.52,-2.9
2017,296,26,35.7,12.8,23.9,54.9,8,22.6,2.51,17.66,0,33,20,25.8,26,25.8,25.9,1.1,.4,332,66,3.7,10.2,4.8,3.7,.67,.5
2017,297,26,34.5,14.4,24.8,58.2,9.6,26,2.56,17.22,0,32.8,20.5,26.1,25.9,25.7,25.8,1.7,.9,64,56,8.4,10.7,5.3,4.4,.79,3.1
2017,298,26,32.8,15.7,25.2,50,13.8,24.2,2.58,16.87,0,32.3,21.8,26.3,25.9,25.7,25.8,3,2.5,68,33,10.7,11,6.2,5.9,.76,2.7
2017,299,26,33.9,11.9,22.5,65.9,9.6,28.6,2.17,16.86,0,32.1,20.3,25.5,25.9,25.6,25.8,1.4,.3,274,72,5.9,9.5,4.7,4,.73,2.3
2017,300,26,32.4,12.2,22.3,56.9,11.5,25,2.21,16.77,0,32.2,19.6,25.1,25.7,25.5,25.6,1.3,.3,347,72,5.6,9.2,4.5,3.6,.65,.6
2017,301,26,31.7,11.3,21.2,70.7,13.3,29.5,1.98,16.38,0,31,19.4,24.6,25.6,25.3,25.5,1.7,1.1,61,46,7.6,8.7,4.7,4,.73,2.1
2017,302,26,33.1,11.1,21.3,71.5,11.5,29.8,2.02,16.25,0,31,19,24.4,25.4,25.1,25.3,1.5,.8,50,52,6.3,9,4.5,3.8,.72,2
2017,303,26,31.1,12.7,20,69.8,14.6,38,1.57,12.24,0,28.4,19.8,23.5,25.2,24.9,25.1,1.1,.6,67,54,6.2,9,3,2.9,.87,4.7
2017,304,26,26.2,13.2,19.3,71.4,31.6,51,1.19,11.57,0,28.1,19.3,23.1,25,24.6,24.8,1,.6,56,49,3.7,6.9,2.4,2.4,1.12,8.5
2017,305,26,28.4,13.2,20.1,82.4,30.4,55.6,1.18,15.5,0,30.2,19.5,24,24.7,24.4,24.6,1.1,.4,211,66,5.8,8,3.4,2.8,1.26,10.3
2017,306,26,26.9,12.4,19.5,88.5,36.9,62.7,.95,14.24,0,29.6,19.4,23.9,24.6,24.4,24.5,.8,.1,327,75,4.4,6.8,2.8,2.3,1.38,11.7
2017,307,26,26.3,12.4,19.4,82.1,39.3,60.1,1,12.42,0,28.1,19.1,23.2,24.5,24.3,24.4,.7,.2,36,67,4.2,6.6,2.4,2,1.33,11.1
2017,308,26,27.6,15.3,20.6,84.8,23.5,55,1.2,13.15,0,29.3,20.5,24.1,24.3,24.2,24.3,1.3,.4,235,66,5.8,8.7,3,2.7,1.29,10.7
2017,309,26,25.8,12.1,19.1,78.4,31.4,55.9,1.07,12.59,0,27.5,19.1,22.9,24.3,24.1,24.2,1.3,.1,208,78,4.6,6.2,2.7,2.5,1.2,9.6
2017,310,26,28,11,19.2,77,25,49,1.3,13.84,0,28.6,18,22.6,24.2,23.9,24,1.4,.8,58,53,5.2,7,3.3,2.9,1.04,7.5
2017,311,26,26.2,14.5,19.8,69.8,29.2,49.9,1.23,8.05,0,26,19.9,22.6,24,23.8,23.9,.8,.4,328,62,3.2,7.6,1.7,2,1.14,8.8
2017,312,26,27.8,12.1,20.2,83.8,31.3,52.8,1.24,13.87,0,29,18.9,23.4,23.8,23.6,23.8,1,.2,31,73,3.7,7.2,3,2.5,1.21,9.7
2017,313,26,29.4,11.5,20.2,81.9,24.5,46.3,1.46,14.59,0,29.7,18.9,23.6,23.8,23.6,23.7,1.3,.4,9,65,3.7,7.8,3.4,2.9,1.04,7.5
2017,314,26,30.4,9.4,18.8,75.2,18.2,45.2,1.41,14.5,0,28.7,17.6,22.5,23.8,23.6,23.7,1.2,.6,48,57,5,7.7,3.4,2.9,.92,5.6
2017,315,26,29.2,9.2,18.3,68,17.2,38.3,1.49,14.52,0,28.3,17.3,22,23.6,23.4,23.5,1.3,.7,38,54,4.5,7.1,3.5,2.9,.77,2.9
2017,316,26,28.9,7.8,17.9,63.4,20.4,36.5,1.46,12.84,0,26.8,16.5,21.2,23.5,23.1,23.3,1.4,.7,45,59,5.4,6.7,3.3,3,.74,2.3
2017,317,26,29.6,13.4,20,66.7,14.6,30.6,1.76,12.84,0,28.1,18.2,22.3,23.2,23,23.1,1.2,.5,31,60,3.9,8.8,3.5,2.9,.7,1.7
2017,318,26,28.8,9.6,18.5,54.3,11.5,28.3,1.69,13.23,0,27.5,16.9,21.6,23.1,22.9,23,1.2,.5,18,61,3.4,6.9,3.4,2.7,.59,-.8
2017,319,26,29.2,9,18,67.3,14.1,32.4,1.56,12.2,0,26.5,16.4,20.8,23,22.7,22.9,1.4,.8,53,54,5.6,7,3.3,3,.64,.5
2017,320,26,28.9,8.2,18.5,67.8,13.7,33.3,1.6,12.52,0,26.5,16.2,20.9,22.8,22.5,22.7,1.3,.7,43,55,4.8,6.7,3.1,2.8,.68,1.2
2017,321,26,26.4,12,18.5,74,18.6,40.5,1.35,7.6,0,24.9,18.4,21.1,22.6,22.4,22.5,1,.4,341,65,4,6.5,1.9,2.2,.85,4.4
2017,322,26,25.8,9.3,16.9,75.8,16.5,39.5,1.31,13.61,0,26.1,16.1,20.3,22.5,22.2,22.4,1.9,.5,332,70,7.4,5.5,3.6,3.2,.71,1.7
2017,323,26,25.7,5.4,15.5,50.9,12.3,26.2,1.43,13.74,0,24.8,13.8,18.8,22.3,21.9,22.1,1.8,.8,359,61,6,4.8,3.7,3.2,.46,-4.5
2017,324,26,24.9,5,14.6,65.9,15.7,32.3,1.23,12.08,0,23.7,13.7,18.2,21.9,21.6,21.8,1.3,.5,30,63,4.8,4.3,2.9,2.5,.54,-2.1
2017,325,26,26.6,7.3,16.6,63.3,12.5,30.7,1.44,12.38,0,24.6,14.2,18.8,21.6,21.3,21.5,1.2,.5,324,63,3.9,5.5,3,2.5,.56,-1.5
2017,326,26,29.6,8.4,19.1,63.3,13.8,30.1,1.72,12.84,0,25.8,15.2,19.8,21.3,21.2,21.3,1.6,1,53,50,6.9,7.2,3.7,3.2,.65,.6
2017,327,26,31.5,9.6,19.1,57.6,14.7,34,1.62,12.98,0,26.6,15.5,20.3,21.3,21.2,21.3,1.2,.6,42,55,3.8,8,3.2,2.7,.76,2.5
2017,328,26,29.7,8.5,18.5,75.4,18.1,38.2,1.51,12.67,0,26.2,15.5,20.3,21.4,21.2,21.3,1.3,.7,44,56,4.8,7.2,3.2,2.8,.77,3.1
2017,329,26,29.9,8.8,18.1,67.8,18.8,41.2,1.41,12.57,0,26.2,15.5,20.3,21.4,21.2,21.3,1.1,.6,46,57,5,7.3,3,2.5,.83,4.1
2017,330,26,31,8.1,17.9,74.5,15,40.5,1.43,12.66,0,26,15.3,20.1,21.4,21.2,21.3,1,.5,41,58,4.9,7.7,3,2.5,.79,3.4
2017,331,26,25.4,6.1,16,81.6,20.5,44.3,1.12,9.18,0,22.4,14.7,18.6,21.3,21.1,21.2,1.6,.2,323,76,7.6,4.8,2.3,2.6,.8,3.4
2017,332,26,22.4,7.6,15.1,73.5,23.6,39.7,1.1,11,0,22.6,13.9,17.8,21.1,20.8,21,1.7,.8,355,60,5.4,3.6,2.6,2.5,.67,1.1
2017,333,26,23.7,9.8,16.1,71.9,19,44.2,1.09,6.61,0,21.1,15.2,17.9,20.8,20.5,20.7,.8,.3,319,66,3.4,4.6,1.4,1.7,.79,3.4
2017,334,26,23.1,11.9,17,73.8,25.3,45.3,1.09,4.86,0,21,16.6,18.5,20.5,20.4,20.5,.9,.3,335,68,3.8,4.8,1.1,1.7,.88,4.9
2017,335,26,25.7,11.5,17,71.7,21.5,41.9,1.21,9.44,0,23.3,15.8,18.8,20.4,20.3,20.4,.8,.2,32,67,2.8,6,2,1.8,.79,3.5
2017,336,26,28.2,9,17.8,83.5,17.4,43.8,1.35,10.82,0,25,15.5,19.2,20.4,20.3,20.3,1.4,.7,31,58,4.8,6.6,2.8,2.6,.83,4.2
2017,337,26,27.1,8.1,16.5,80.6,23.4,47.3,1.15,10.4,0,23.7,14.8,18.7,20.4,20.3,20.4,1,.5,33,60,5.1,5.8,2.2,2.1,.84,4.4
2017,338,26,22,4.4,13.2,84.5,12.7,40.5,.99,10.95,0,22.1,14.3,17.4,20.4,20.2,20.3,2.2,1.7,287,41,6.1,3,2.7,2.8,.59,-1
2017,339,26,19.2,3.9,9.9,68.1,14.3,34.5,.84,7.02,0,18.6,12.4,14.6,20.2,19.7,20,1.5,.8,291,56,4.6,1.9,1.6,2.2,.41,-5.5
2017,340,26,25,5.1,13.9,77.7,11.7,33.9,1.22,11.63,0,21.7,11.8,15.7,19.7,19.2,19.5,1.4,.5,318,66,6.3,4.3,2.8,2.5,.48,-3.6
2017,341,26,20.3,6,14.8,44.2,5.4,12.6,1.51,12.3,0,19.9,12.4,15.4,19.3,19,19.2,3.2,2.7,41,33,12.9,2.5,4.4,4.1,.2,-14.7
2017,342,26,19.9,2.9,10.6,50.5,13.2,26.6,1.01,11.95,0,20,9.9,14.2,19.1,18.7,18.9,1.3,.7,37,57,4.2,2.1,2.6,2.1,.33,-8.4
2017,343,26,22.6,0,11.2,64.5,12.8,30.1,1.09,11.67,0,19.6,8.7,13.7,18.7,18.3,18.5,1.4,.7,39,57,6.7,3,2.8,2.3,.38,-6.6
2017,344,26,25,11.8,18.4,38.6,10.3,18,1.77,9.53,0,20.1,13.6,16.1,18.3,18.2,18.3,4,3.8,65,19,10.4,5.7,4.6,5.4,.38,-6.7
2017,345,26,24.8,7.7,15.9,52,8.4,21.6,1.5,11.09,0,21.1,13.3,16.4,18.4,18.2,18.3,2.3,1.6,59,46,8.4,4.7,3.6,3.6,.38,-6.9
2017,346,26,21.5,2.3,11.8,53.1,10.3,25,1.13,7.78,0,17.4,9.9,13.5,18.4,18.1,18.3,1.5,.9,38,54,6.1,2.6,2.2,2.5,.35,-8
2017,347,26,25.2,3.3,12.6,55.2,8.8,23.5,1.27,11.77,0,20.1,9.4,13.9,18.1,17.8,18,1.5,.6,9,64,6.1,4.3,3,2.7,.33,-8.5
2017,348,26,22.2,.5,12.5,64.4,11.7,26.4,1.22,11.07,0,18.9,8.8,13.6,17.8,17.5,17.7,1.6,.6,351,62,7.7,2.7,2.7,2.5,.37,-7.1
2017,349,26,21.6,4.3,14.5,46.2,11.8,23.6,1.34,11.59,0,20.3,11.5,15.1,17.6,17.5,17.5,2.2,1.4,56,48,8.8,2.8,3.5,3.1,.38,-6.4
2017,350,26,18.1,2.6,10,67.5,19.7,37.9,.84,8.61,0,17,10.3,13,17.6,17.4,17.5,2.5,1.9,79,38,9.4,1.4,2.5,2.7,.45,-4.3
2017,351,26,17.8,4,11.3,87.9,32,62,.52,8.65,.25,17.5,10.9,13.4,17.4,17.1,17.2,2,1.2,64,50,8.2,1.3,1.6,1.7,.85,4
2017,352,26,19.7,4.4,11.4,86.6,25.5,53.4,.71,11.27,0,19.4,10,13.9,17.1,16.9,17,1.2,.4,330,67,5.4,2.1,2,1.7,.69,1.6
2017,353,26,19.7,.9,9.4,83.9,25.5,54.3,.64,11.57,0,18.6,8.5,13,17,16.8,16.9,1.1,.6,36,56,4.6,1.9,2,1.6,.62,0
2017,354,26,19.4,1.3,9.7,84,33.4,57.7,.6,11.43,0,18,8.3,12.7,16.8,16.6,16.8,2,1.4,74,44,7.3,1.8,2.2,2.1,.69,1.4
2017,355,26,12.7,1.8,8.4,70.9,16.3,36.4,.73,12.1,0,15.3,9.2,12,16.6,16.5,16.6,4.3,3.9,297,24,11.3,0,3.5,2.9,.39,-6.5
2017,356,26,15.2,-1.5,6.8,71.5,18,37.3,.68,11.73,0,16.7,6.5,10.8,16.5,16,16.3,1.3,.9,354,46,4.2,.4,2,1.6,.36,-7.3
2017,357,26,15.7,-1.2,6.8,79.1,23.8,47.4,.59,8.47,0,14.7,6.7,10.3,16,15.7,15.9,.9,.4,23,60,3.4,.5,1.3,1.3,.46,-4.1
2017,358,26,20.5,-1.1,9.2,77.1,16.2,40,.83,11.54,0,17.5,6.5,11.3,15.7,15.4,15.6,1,.4,27,60,4.2,2.1,2.2,1.7,.44,-4.6
2017,359,26,18.7,.6,9.1,72.2,24.3,43.8,.74,9.26,0,15.9,7.7,11.5,15.5,15.4,15.4,.8,.5,15,50,3.3,1.5,1.5,1.4,.5,-2.9
2017,360,26,20.3,-.1,10.1,75.1,17.6,41.5,.86,10.56,0,17.3,7,11.8,15.4,15.2,15.4,1,.5,26,57,3.7,2,2,1.6,.49,-3.3
2017,361,26,23.1,2.5,10.9,64.8,19.5,39.7,.87,10.55,0,18.3,8.5,12.8,15.4,15.3,15.3,.9,.6,356,48,3.2,3.3,1.9,1.7,.53,-2.6
2017,362,26,24.6,.6,11.4,68.4,13.7,38.9,.99,11.95,0,19.1,7.7,12.7,15.4,15.3,15.4,1.1,.6,27,56,3.3,3.7,2.4,2,.51,-2.9
2017,363,26,25.2,1.3,11.9,71.4,13.1,35.8,1.05,12.01,0,19.1,8.1,13,15.5,15.3,15.4,1.3,.8,38,51,6.1,4.1,2.6,2.3,.49,-3.6
2017,364,26,23.7,.1,11.5,74.9,13.1,36.4,1.03,12.08,0,19,8,13,15.5,15.4,15.4,1.3,.7,35,55,5.3,3.3,2.7,2.2,.46,-3.9
2017,365,26,19.1,.7,9,74.4,24.6,42.9,.71,8.06,0,16.3,8.4,11.9,15.5,15.4,15.5,1.1,.5,18,61,3.3,1.7,1.5,1.7,.5,-3.1
