2018,1,26,23.5,1.1,10.9,67.8,12.8,37.6,.96,11.67,0,18.4,7.3,12.2,15.4,15.2,15.3,.8,.5,347,53,3,3.4,2.2,1.7,.48,-3.8
2018,2,26,24.4,4.6,13.3,68.4,12.3,31.2,1.16,10.7,0,19.4,10.1,13.9,15.3,15.2,15.3,1,.4,4,63,3.6,4.1,2.3,1.9,.46,-4.1
2018,3,26,22.4,3.4,13.8,68.5,12.9,28.3,1.26,8.7,0,17.3,9.2,13.3,15.4,15.3,15.4,2,1.2,41,52,10.6,3,2.8,3,.43,-5.2
2018,4,26,26,6.2,15.8,64.2,10.5,28,1.41,11.77,0,21.3,11.4,15.7,15.6,15.4,15.5,1.2,.5,31,61,4,5,2.9,2.3,.49,-3.4
2018,5,26,24.8,4.2,13.7,68.2,15,38.8,1.09,11.81,0,20.7,10.2,14.9,15.8,15.6,15.8,1.2,.7,42,53,5.3,4.1,2.6,2.1,.6,-.5
2018,6,26,22.1,5,14.2,77.1,25.5,47,.94,8.95,0,19.6,11.3,15.1,15.9,15.8,15.9,1.3,.6,62,57,4.3,3.2,1.9,1.9,.75,2.6
2018,7,26,23.3,6.2,14.5,78.6,23.4,47.3,.95,9.8,0,19.9,11.9,15.8,16.1,15.9,16,1.1,.4,334,66,4,3.8,2,1.9,.77,3
2018,8,26,22.1,8.9,15,73.9,28,49.5,.93,7.84,0,19.7,13,15.8,16.2,16.1,16.2,1.6,1.1,73,44,6.9,3.7,1.9,2.2,.82,4.1
2018,9,26,23.6,9.2,16.4,97.1,34.4,58.5,.87,6.49,13.97,19.6,13.8,16.2,16.4,16.2,16.3,3.3,.8,131,70,11.7,4.4,1.9,3,1.07,7.6
2018,10,26,16.8,9.7,12.4,99.2,58.5,86.9,.21,10.29,1.02,19.2,12,14.6,16.5,16.4,16.5,1.1,.2,235,75,3.8,1.4,1.2,1.2,1.24,10.2
2018,11,26,19.6,6.1,12,98.2,46.9,81.6,.33,13.09,.25,18.9,8.5,13.1,16.5,16.1,16.3,1.1,.4,326,65,3.6,2.2,1.9,1.5,1.12,8.6
2018,12,26,21.8,5.6,12.7,98.1,37.7,75.3,.49,13.06,0,19.1,8.3,13.1,16.2,15.9,16.1,1,.4,21,65,5.9,3.1,2.1,1.7,1.06,7.8
2018,13,26,25.1,4.3,14.2,96.6,15.1,59.8,.86,13.47,0,20,8.1,13.4,16,15.8,15.9,1.5,.8,334,54,4.9,4.3,2.7,2.3,.88,4.9
2018,14,26,23.8,5.3,14.2,83.6,18.9,53.4,.88,12.11,0,19.5,8.7,13.6,15.9,15.7,15.8,1.6,1,321,49,4.7,3.9,2.5,2.4,.83,4.2
2018,15,26,22.4,5.8,13.3,89.9,26.4,59.4,.74,12.99,0,20.3,9.3,13.9,15.9,15.7,15.8,1,.4,11,61,3,3.3,2.3,1.8,.87,4.9
2018,16,26,20.7,6.6,13.6,89,28.8,56.4,.78,9.64,0,17.5,10.1,13.6,15.9,15.7,15.8,1.9,1.4,63,43,7.5,2.7,2.2,2.2,.84,4.3
2018,17,26,20.7,5.9,13.4,71.1,19,41.8,.98,13.35,0,19.4,9.4,13.6,15.8,15.6,15.8,2.5,2,73,34,8.6,2.7,3.4,3,.62,0
2018,18,26,22.6,3.7,13.1,83.6,19.6,47.8,.94,13.99,0,19.4,8.5,13.4,15.8,15.6,15.7,2.1,1.3,67,49,6.2,3.2,3.3,2.8,.67,1.2
2018,19,26,23.1,4.8,13.2,82.7,18.4,48,.95,13.71,0,19.6,8.8,13.6,15.7,15.5,15.6,2.3,1.6,71,44,8.1,3.5,3.4,3,.67,1.3
2018,20,26,16.5,4.1,10.4,79.4,32.1,59.6,.55,8.07,0,16.5,10.6,12.8,15.6,15.5,15.6,2.6,1.7,259,46,12.6,.9,1.8,2.1,.74,2.5
2018,21,26,15.3,-.1,7.3,87.1,15.7,50,.61,14.23,0,15.4,6,10.3,15.5,15.1,15.4,2.3,2,305,31,8.8,.4,2.9,2.3,.46,-4.1
2018,22,26,16.5,-.3,7.4,81.4,18.3,45,.65,13.37,0,16.4,5.5,10,15.1,14.6,14.9,1.2,.6,320,55,3.4,.8,2.3,1.8,.43,-4.6
2018,23,26,21.2,-.9,10.1,79.2,12.9,37.2,.92,14.63,0,17.7,5.3,10.8,14.6,14.3,14.5,1.2,.7,337,53,3.7,2.3,2.8,2.2,.42,-5.2
2018,24,26,22.4,-.3,11.7,71.6,10.7,30.4,1.14,14.97,0,17.3,6.3,11.3,14.5,14.3,14.4,2.9,2.1,56,43,10.9,2.7,4.5,4,.37,-6.9
2018,25,26,23.5,6,15.2,46.4,10.3,22,1.42,14.36,0,19.6,9.6,13.4,14.4,14.3,14.4,3.3,2.4,89,43,9.2,3.8,4.7,4.6,.36,-7.2
2018,26,26,19.9,3,11.4,78,16.5,42.8,.86,14.5,0,19,8.5,13.1,14.6,14.4,14.6,1.6,.6,290,63,4.3,2,3,2.4,.55,-1.5
2018,27,26,23,1.8,11.6,66.3,9.2,33.4,1.08,15.11,0,19.3,7.5,12.8,14.8,14.6,14.7,1.4,1,313,44,3.6,3.2,3.2,2.6,.41,-5.5
2018,28,26,27,5.6,16.1,50.4,8.9,23.1,1.56,15.16,0,20.4,8.8,14,14.8,14.6,14.7,1.7,1,14,53,8.5,5.4,4.1,3.5,.41,-5.7
2018,29,26,27,8.9,18.6,52.5,10.5,23.1,1.77,15.34,0,21,11.4,15.5,15.1,14.7,14.9,3.4,2.8,65,36,10.7,6,5.6,5.2,.47,-3.8
2018,30,26,26.7,4.6,15.8,70.1,10.7,30.8,1.42,13.55,0,20.6,11,15.1,15.3,15.1,15.2,2.5,1.4,58,53,8.8,5.1,4.2,4.1,.51,-2.7
2018,31,26,26.5,4,14.5,69.2,12.7,36.5,1.25,15.54,0,21.4,9.7,14.9,15.5,15.3,15.4,1.4,.7,47,59,5,4.9,3.6,3,.55,-1.6
2018,32,26,26.5,3.6,14.3,76.3,12.9,38.2,1.23,15.02,0,21.2,9.9,15.1,15.6,15.4,15.5,1.6,.9,55,55,5.8,4.9,3.6,3.2,.56,-1.2
2018,33,26,26.4,4,14.3,74.2,12.3,37.7,1.23,14.42,0,21.1,10.1,15.1,15.6,15.5,15.6,1.4,.6,47,61,6.1,4.9,3.3,2.9,.56,-1.4
2018,34,26,26,4.4,14.7,74.2,14.6,39.7,1.19,15.47,0,21.9,10.4,15.6,15.7,15.6,15.7,1.1,.3,14,67,3.7,4.7,3.3,2.5,.62,.1
2018,35,26,26.8,5,15.2,75,14.8,42.2,1.22,15.46,0,22.3,11.1,16.1,15.9,15.7,15.8,1.5,.8,52,57,6.5,5.1,3.6,3.2,.66,1.1
2018,36,26,26.3,4.9,15.1,76,16.4,42.6,1.19,15.54,0,22.5,11.4,16.3,16,15.8,16,1.6,.6,39,63,6.3,4.9,3.7,3.2,.68,1.4
2018,37,26,24.3,4.7,15.1,71.8,15.9,39.5,1.21,15.56,0,22.1,11.2,16.3,16.2,16,16.1,2,1.2,284,50,8.1,4,4,3.3,.63,.1
2018,38,26,25.1,6.8,16.3,58.4,8.9,23.5,1.55,16.37,0,22.4,11.7,16.4,16.3,16.1,16.2,2.5,1,13,63,8.5,4.7,4.7,4.3,.41,-5.6
2018,39,26,27.7,5,16.2,60.1,8.8,27.5,1.55,16.39,0,23.3,11.1,16.5,16.4,16.2,16.3,1.3,.6,321,60,3.7,5.6,3.9,3.1,.47,-3.9
2018,40,26,27.2,5.2,15.6,70.5,11.3,31.4,1.42,16.49,0,23.2,11.4,16.7,16.5,16.3,16.4,1.5,.7,42,59,6.1,5.4,4,3.4,.51,-2.6
2018,41,26,26.4,5.3,15.9,62.9,13.7,34.6,1.32,14.65,0,22.4,12.3,16.9,16.6,16.4,16.5,1.6,.2,306,76,5.1,5.1,3.5,3.3,.59,-.6
2018,42,26,23.8,10.4,16.3,63,12.3,28.3,1.41,16.36,0,22.5,13.3,17.2,16.7,16.6,16.6,2.6,2,49,38,9.6,4.7,4.7,4.2,.5,-3.4
2018,43,26,19.1,9.4,14.2,87.4,36,64,.61,5.01,0,17.2,13.5,15.1,16.8,16.6,16.7,2.1,1.2,166,53,8.6,2.3,1.1,2,1.03,7.2
2018,44,26,21.6,10.1,15.4,87.6,35.8,64.2,.69,12.17,0,21.9,13.7,16.7,16.6,16.5,16.5,1.4,.4,38,67,5.2,3.7,2.3,2.3,1.1,8.3
2018,45,26,16.5,6.7,12,99.6,56.4,81.1,.28,5.22,5.33,16.5,12.7,14.7,16.6,16.5,16.6,2.4,2,78,35,7.5,1,.6,1.3,1.14,8.7
2018,46,26,19.2,11.5,14.1,99.8,59.8,86.7,.25,13.84,2.03,21.7,13.4,16.4,16.5,16.3,16.4,1.1,.4,82,65,4.6,2.8,1.9,1.9,1.38,11.7
2018,47,26,18.5,7.8,13.2,97.8,44.1,74.3,.46,10.17,0,18.5,11.4,14.6,16.5,16.3,16.4,1,.4,289,63,3.7,1.9,1.4,1.7,1.09,8.2
2018,48,26,21.4,4.4,13.1,95.5,37.1,70.3,.57,14.76,0,21,8.9,14.5,16.3,16,16.2,1.1,.5,356,56,3.3,2.8,2.4,2.2,1.02,7.1
2018,49,26,22,6,14.7,96.9,27.2,64.1,.76,15.23,0,22.1,10.4,15.8,16.2,16,16.1,1.8,.8,189,60,5.8,3.2,3,2.7,1,6.8
2018,50,26,17.2,2.7,12.9,94.1,16.8,52.9,.7,13.93,0,19,11.3,15.5,16.3,16.1,16.2,4.3,3.5,247,35,12.9,1.1,3.7,2.8,.82,2.7
2018,51,26,15.1,-1.3,6.7,79.3,12.1,40.2,.69,18.82,0,19.4,6.4,12,16.4,15.8,16.1,1.9,1.1,278,52,5.4,.4,3.6,2.8,.35,-7.4
2018,52,26,16.1,-1.5,7.1,70.3,10.7,33.7,.77,18.03,0,19,5.4,11.5,15.9,15.4,15.6,1.5,.9,294,50,5.5,.6,3.4,2.7,.31,-9.3
2018,53,26,16,-.6,8.1,68.9,22.5,37.6,.74,18.49,0,18.9,6,11.9,15.4,15.1,15.2,1.7,.7,236,62,6.8,.6,3.6,2.7,.4,-5.9
2018,54,26,15.1,2.2,8.5,70.8,29.7,48.2,.62,14.2,0,16.3,7.2,11.6,15.1,14.9,15,2.9,1.5,283,56,9,.4,3.1,2.9,.52,-2.2
2018,55,26,15.9,.8,7.8,80.7,13,44,.68,19.61,0,19.5,6.2,11.9,14.9,14.6,14.8,1.9,.9,323,60,5.8,.6,3.5,2.9,.42,-5.2
2018,56,26,18.4,-1.7,8.1,70.4,10.4,36.3,.84,19.92,0,20.1,5.9,12.3,14.8,14.5,14.6,1.4,.3,352,70,4.8,1.3,3.8,2.9,.34,-8
2018,57,26,20.2,-2.1,9.7,71.3,10,32.6,.98,19.94,0,20.7,6.5,12.9,14.7,14.5,14.6,1.7,.8,59,58,6.2,1.9,4.2,3.3,.34,-7.9
2018,58,26,19.4,1.7,9.8,94.9,27.3,55.6,.6,14.07,5.08,18.4,7.9,12.7,14.7,14.6,14.7,2.2,1,201,60,11.1,1.8,2.8,2.9,.67,.4
2018,59,26,16.6,2.7,9.1,99.7,26.5,72.9,.4,19.98,.25,19.3,7.3,12.8,14.7,14.6,14.7,1.5,.2,209,76,6.6,.9,3.2,2.5,.79,3.5
2018,60,26,19.9,1.3,11.2,94.8,24.7,59.5,.68,20.01,0,21.2,7,13.2,14.7,14.5,14.6,2.3,1.6,71,44,6.9,1.9,3.9,3.2,.73,2.4
2018,61,26,24.1,3.4,13.4,90.3,13.4,52.3,.98,20.38,0,23.4,8.1,14.9,14.7,14.5,14.7,1.7,1,59,51,6.5,3.8,4.3,3.6,.69,1.6
2018,62,26,23.3,4.4,14.2,84.8,15.3,47.2,1.03,20.4,0,23.9,9.5,16,15.1,14.7,14.9,1.5,.5,198,67,5.8,3.6,4.4,3.4,.69,1.7
2018,63,26,18.1,6.2,12.5,81.3,16.8,44.1,.87,20.74,0,21.4,11.1,15.7,15.4,15.1,15.3,2.7,2.1,277,38,9.1,1.6,4.7,3.7,.62,-.5
2018,64,26,22.8,4,13,62.1,8.4,27,1.21,21.27,0,23.5,8.9,15.3,15.6,15.4,15.5,1.6,1,302,47,6.5,3.3,4.7,3.8,.37,-7
2018,65,26,25.2,3.9,14.7,72.6,7.5,25.2,1.42,20.25,0,24.1,10.3,16.3,15.7,15.4,15.6,1.6,.7,309,62,5.7,4.3,4.8,4,.38,-6.7
2018,66,26,25.4,4.3,15.9,59.5,8.5,26.6,1.5,15.14,0,21.7,10.7,16.2,15.9,15.6,15.8,1.6,.5,16,67,6.1,4.5,3.8,3.8,.44,-4.7
2018,67,26,27.8,8.4,17.9,63.5,6.4,25,1.71,19.86,0,25.8,13.1,18.5,16.1,15.8,16,1.4,.4,309,68,4.3,6.2,4.9,4.1,.47,-3.8
2018,68,26,28.8,6.6,18.2,69.6,9.6,27.6,1.7,20.26,0,26.6,13.5,19.3,16.6,16.1,16.4,1.6,.2,160,77,5.6,6.3,5.1,4.4,.54,-2.1
2018,69,26,22.4,13.7,16.9,84.1,24.3,57,.86,6.55,0,20.1,16.3,18,17,16.6,16.9,1.7,.4,74,71,5.8,5.2,1.3,2.5,1.08,7.7
2018,70,26,25.8,13.7,18.5,96.8,34.9,67,.79,20.38,.25,27.3,15.9,20.3,17.1,17,17,1.6,.8,57,56,6.7,7,4.1,3.7,1.38,11.8
2018,71,26,27.5,11.8,19.7,88.3,22,52.5,1.29,21.25,0,28,16,21.2,17.6,17.1,17.4,2.2,1.2,63,55,7.4,7,5.2,4.5,1.11,8.3
2018,72,26,27,12.4,19.7,80,22,47.4,1.35,14.48,0,25.1,16.7,20.6,18,17.6,17.9,1.5,.7,39,58,6.3,6.9,3.4,3.5,1.03,7.3
2018,73,26,28,10.6,19,77.1,24.9,47.9,1.31,21.47,0,27.9,15.8,21.2,18.2,18,18.1,2.7,1.6,230,52,9,6.8,5.7,5.1,1,7
2018,74,26,20.4,8,14.7,78.6,28.6,50.7,.88,19.85,0,23,15,19,18.5,18.2,18.4,2.9,2.5,231,31,10.9,2.7,4.7,3.9,.83,4.2
2018,75,26,22.5,7.8,14.9,75.5,21.1,48.8,.98,18.97,0,24.4,13.4,18.4,18.4,18.1,18.3,2,.6,180,67,7.5,3.6,4.2,3.8,.79,3.4
2018,76,26,21,6.3,13.9,83.6,23.1,52.1,.87,22.58,0,25.2,13.1,18.6,18.2,18,18.1,2.2,1.2,224,54,6.7,2.8,4.8,3.9,.77,3.2
2018,77,26,19.3,4.4,12.7,78,18.5,45.2,.88,22.35,0,23.8,13.4,18.3,18.2,18,18.1,2,1.6,256,36,6.7,1.9,4.6,3.7,.63,.4
2018,78,26,23,4.2,14.2,66.4,9.4,29.8,1.28,22.38,0,25.8,12.4,18.3,18.1,17.8,18,1.8,.2,63,76,6.3,3.4,5.3,4.3,.43,-4.8
2018,79,26,26.5,5,15.8,68.7,8.2,28.2,1.51,23.13,0,26.9,12.1,18.9,18,17.8,17.9,1.7,.5,69,67,6.7,5.1,5.6,4.6,.45,-4.4
2018,80,26,29.1,8.7,18.7,60.5,9.6,29.4,1.73,19.61,0,27,14.4,20.2,18.1,17.9,18,1.3,.7,61,55,4.4,6.9,4.7,4.2,.58,-.8
2018,81,26,29.9,11.2,20.9,58.5,13.1,34,1.73,15.25,0,26.5,16.9,21.2,18.5,18.1,18.3,2.2,.4,56,73,6.3,8,4.4,4.8,.83,4
2018,82,26,28.8,14,21.5,74.8,11.6,37,1.7,23.26,0,29.8,19.5,23.5,18.9,18.5,18.7,2.4,1.9,259,36,9.8,8.6,6.2,5.6,.91,5
2018,83,26,25.4,10.5,18.3,62.9,14.3,32.8,1.52,19.16,0,26.5,16.8,21.2,19.2,18.9,19.2,2.2,.9,179,62,7.6,5.6,5.1,4.7,.66,.9
2018,84,26,23,7.2,15.9,64.9,12.9,34.3,1.31,23.19,0,26.6,14.6,20.2,19.4,19.1,19.2,2.1,1.1,225,56,6.7,3.8,5.7,4.6,.57,-1
2018,85,26,22.4,6,14.5,66,12.9,35.5,1.16,24.41,0,26.7,14.1,20,19.2,19,19.1,1.9,1.2,245,50,6.9,3.4,5.5,4.4,.55,-1.5
2018,86,26,23.7,5.5,15.1,65.4,13.9,31.9,1.3,24.24,0,27.6,13.8,20,19.2,18.9,19.1,2.1,1.5,264,43,5.8,3.9,5.7,4.7,.51,-2.5
2018,87,26,26,4.4,16.7,65.7,9.6,27.2,1.57,24.86,0,28.2,13.9,20.6,19.1,19,19,1.9,.9,247,60,5.7,4.7,6.1,5,.47,-3.6
2018,88,26,30.2,6.2,19.6,67,10.9,29.9,1.83,24.41,0,30.2,15.3,22,19.2,19,19.1,1.7,.1,264,79,5.8,7,6.3,5.2,.62,.2
2018,89,26,32.2,11.3,21.7,49.8,8.8,23.9,2.18,24.98,0,31.7,17,23.5,19.6,19.2,19.4,2.1,.9,290,62,6.9,8.9,7,6.2,.58,-.8
2018,90,26,33.7,11,22.7,61.4,8.1,25.2,2.37,22.74,0,31.3,17.6,23.8,20,19.5,19.8,1.7,.5,106,68,6.5,9.1,6.5,5.7,.61,-.1
2018,91,26,33.1,14.8,24,61.6,8,22.8,2.52,22.5,0,32.7,19.6,25,20.4,20,20.2,1.8,.7,98,64,6.9,10.6,6.4,5.7,.61,-.2
2018,92,26,31,11.3,22.3,54.1,6.2,20,2.36,25.61,0,32.3,18.8,24.9,20.7,20.3,20.6,2.8,.6,182,71,6.7,8.4,7.7,6.9,.48,-3.4
2018,93,26,30.1,11.2,21.6,57.6,12.7,28.8,2.04,23.73,0,32.6,18.6,25,21,20.7,20.9,1.3,.3,34,71,4.8,8.1,5.9,4.8,.69,1.6
2018,94,26,31.9,12.7,22.8,64.2,11.8,29.3,2.19,23.15,0,32,19,25.2,21.2,20.9,21.1,1.5,.2,87,74,5.4,9.3,6,5.3,.75,2.7
2018,95,26,32.7,13.5,22.9,60.5,11.4,28.8,2.22,23.66,0,33.5,19.4,25.7,21.4,21.2,21.4,1.9,.4,214,72,6.8,9.9,6.6,5.9,.74,2.5
2018,96,26,32,15.1,24.3,51.9,10.7,24.5,2.45,23.3,0,33.2,20.4,26.1,21.7,21.4,21.6,2,1,201,59,8.8,10.4,6.9,6,.7,1.8
2018,97,26,33,16.8,26.2,52,14.9,32.2,2.45,24.79,0,34.8,21.7,27.8,22,21.7,21.9,2.9,1.6,214,54,10,11.6,7.6,7,1.08,7.6
2018,98,26,32.7,14,24.7,68.1,9.7,34,2.18,26.12,0,34.9,23.3,28.3,22.5,22,22.3,2.5,2,240,35,7.6,10.1,7.4,6.6,1.01,6.1
2018,99,26,34.3,13.6,24,55.3,6.6,16.1,2.73,26.45,0,35.3,19.6,26.7,22.8,22.5,22.7,1.6,.5,339,69,5.8,10.3,7.3,6.2,.47,-4.1
2018,100,26,36.7,12.2,25.1,49.2,5.6,20.2,2.89,26.01,0,35.6,20.1,27.2,22.8,22.6,22.8,1.4,.5,46,64,6.1,10.3,7.2,6.1,.59,-.9
2018,101,26,35.4,14.1,25.2,52.9,6.6,20,2.82,24.31,0,34.8,20.7,27.2,23,22.8,22.9,1.9,.4,133,72,7.6,10.8,7.1,6.6,.6,-.4
2018,102,26,27.2,14.5,21.6,52.9,8.6,22.6,2.07,25.14,0,30,21.2,25.3,23.1,22.9,23,5.2,4.2,259,36,14.7,8.1,9.4,8.4,.56,-2.1
2018,103,26,24.5,10.7,18.3,32.2,7.2,12.8,1.89,27.49,0,28.5,17.8,23,23,22.5,22.8,4.7,4.4,306,18,12.7,5.2,9,7.9,.26,-11.4
2018,104,26,27.5,7.6,18.9,49.2,5.9,17.9,1.89,27.66,0,31.4,16.4,23.2,22.6,22.1,22.4,2.1,1.1,326,57,8.6,5.9,7.3,6,.38,-6.8
2018,105,26,31.1,7.9,20.5,56.2,6.8,22.5,2.14,24.12,0,32,16.7,23.8,22.2,22,22.1,1.4,.7,61,58,5.9,7.6,6.1,5.3,.48,-3.3
2018,106,26,28.6,14,21.3,46.2,7.4,22.9,2.02,13.97,0,27.2,19.5,23,22.2,22,22.1,2.1,.6,199,69,7,8.5,4.3,5.1,.56,-1.3
2018,107,26,23.2,9.9,17,63.2,11.1,27.5,1.48,27.81,0,30.7,17.5,23.5,22,21.8,21.9,2.5,1.7,255,47,8.5,4.3,6.8,5.7,.5,-2.9
2018,108,26,28,6.6,18.1,72.3,7.9,27.1,1.74,27.92,0,32.3,16,23.4,21.9,21.6,21.8,1.6,.9,63,53,6.5,6,6.8,5.5,.49,-3.2
2018,109,26,24.1,9.4,17.2,54.4,12.8,29.6,1.48,22.15,0,26.2,17.1,21.9,21.9,21.7,21.8,3.9,2.4,232,50,11.5,4.7,6.6,6.2,.56,-1.4
2018,110,26,23.8,7.1,16.4,72.9,19.3,41.1,1.22,27.51,0,28.9,15.6,22,21.7,21.4,21.5,2.4,1.7,260,43,9.6,4.1,6.5,5.3,.74,2.5
2018,111,26,30.4,8.2,20.8,68.8,13.8,32.3,1.9,26.36,0,33.4,16.9,24.3,21.5,21.3,21.4,1.8,.5,84,69,6.1,7.5,6.7,5.8,.73,2.3
2018,112,26,33.7,12,23.8,70,9.5,27.6,2.41,26.8,0,35,18.9,26.5,21.8,21.4,21.6,1.5,.4,93,69,4.6,9.4,7.1,6,.75,2.7
2018,113,26,35.2,13.9,24.9,49,8.5,23.7,2.67,27.89,0,36.8,20.1,27.9,22.3,21.8,22.1,1.3,.4,65,67,4.3,10.7,7.4,6.1,.7,1.7
2018,114,26,36.1,15.5,25.5,45.7,8,24.6,2.7,27.57,0,37.8,21.5,28.8,22.8,22.3,22.6,1.5,.2,60,74,4.5,11.6,7.5,6.5,.76,2.8
2018,115,26,35.8,15.9,26.7,44.7,9.3,24.2,2.86,28.14,0,38.5,22.2,29.7,23.3,22.8,23.1,1.4,.4,53,69,3.9,11.7,7.6,6.3,.83,3.9
2018,116,26,34.3,14.8,26.3,59,11.2,25.5,2.74,23.87,0,35.6,22.8,29,23.7,23.3,23.6,1.6,.8,226,56,5.8,10.9,6.7,6,.84,4.2
2018,117,26,36.6,16.9,26.6,58,11.3,27.9,2.71,27.86,0,38.9,23,30.2,24,23.7,23.9,1.4,.3,282,73,4.6,12.3,7.5,6.4,.94,6
2018,118,26,33.5,15.9,25,56.5,9.4,23.8,2.6,28.48,0,37.4,23.1,29.6,24.3,24,24.2,2.1,1.5,239,46,9.4,11.3,8.2,7.1,.71,1.8
2018,119,26,31.9,14.1,23.3,50.2,9.6,23,2.36,28,0,35.6,21.2,27.8,24.5,24.3,24.4,2.7,1.7,208,50,9.1,10,8.3,7.5,.62,-.2
2018,120,26,28.2,11.9,21.2,63.4,13,31.5,1.82,25.44,0,34,21.1,27,24.4,24.2,24.3,2.6,2.2,210,32,8.5,7.4,6.9,6.3,.76,2.9
2018,121,26,22.5,11.9,18.5,70.1,29,42.9,1.25,18.08,0,29.2,20.3,24.5,24.3,23.9,24.1,2.4,2.1,194,30,7.9,4.5,4.5,4.4,.9,5.3
2018,122,26,22.8,10.4,17,79.1,18.7,43.4,1.2,27.6,0,31.9,18.8,24.6,24,23.5,23.7,2,1.5,202,42,7.1,4.3,6.3,5.1,.79,3.2
2018,123,26,28.5,9.1,19.9,76.4,15.3,36.4,1.7,28.74,0,34,18.1,25.6,23.5,23.2,23.4,1.6,.5,214,66,6.4,6.7,6.8,5.7,.76,3
2018,124,26,33.6,12.3,24.1,55,10.4,27.1,2.49,29.18,0,36.9,20,27.9,23.5,23.3,23.4,1.6,.6,98,64,7.2,9.6,7.8,6.5,.75,2.6
2018,125,26,38.7,13.5,27.4,57.9,5.2,19.4,3.37,29.68,0,38.1,21.5,29.3,23.8,23.4,23.7,2.1,1.3,60,49,9.2,11,8.9,8,.62,0
2018,126,26,40.6,15.1,28.7,59.2,6.3,19.5,3.54,24.27,0,37.2,22.8,29.8,24.2,23.8,24.1,1.5,.4,55,71,7.6,12,7.2,6.8,.73,2
2018,127,26,38.4,19,29.4,41.8,7.1,18.7,3.58,27.66,0,40.1,24,31.3,24.6,24.2,24.4,1.3,.4,23,65,4.1,13.5,7.7,6.5,.74,2.4
2018,128,26,39.3,16.3,28.9,46.5,4.7,18,3.58,29.44,0,40.8,24.1,31.9,25.1,24.6,24.9,1.2,.1,29,77,4.2,12.4,8.1,6.6,.67,1
2018,129,26,39.1,19.2,29,54.3,6.4,18.9,3.44,29.44,0,41.3,24.6,32.3,25.5,25,25.3,1.4,.2,253,76,5.2,13.6,8.3,7,.75,2.4
2018,130,26,39.5,19.4,29.6,54.7,7,20,3.58,29.53,0,40.7,24.9,32.4,25.8,25.5,25.7,2.3,1.2,207,57,7.5,13.7,9.2,8.4,.78,3.1
2018,131,26,34.6,17.4,27.5,58.8,11.5,22.2,2.99,28.43,0,37.5,25.4,31.1,26.1,25.8,26,3.8,3,207,37,11.6,12.2,9.9,9.2,.79,3.3
2018,132,26,30.2,15.6,23.5,69.5,14.4,33.3,2.07,29.19,0,37.4,24,30.1,26.1,25.9,26,3.1,2.9,207,23,8.6,10.1,8.4,7.5,.91,5.4
2018,133,26,30,14.5,22.3,58.4,11.9,36.1,1.88,29.73,0,38.4,22.6,29.9,26,25.8,25.9,1.5,.4,193,69,5.5,9.5,7.3,6.1,.91,5.4
2018,134,26,32.4,14.1,23.7,65.1,11.7,33,2.16,29.68,0,38.7,22.6,30,26,25.7,25.9,1.8,.5,214,70,8.8,10.1,7.8,6.7,.9,5.4
2018,135,26,34.9,14.4,25.4,50,9.9,26.8,2.63,29.93,0,39.8,22.7,30.7,26,25.7,25.9,1.1,.4,53,63,3.7,10.8,7.6,6.2,.8,3.7
2018,136,26,37.4,14.3,26,54.9,6.7,23,2.84,30.36,0,40.7,23.1,31.3,26,25.8,26,1.3,.1,267,77,5.3,11.2,8.1,6.8,.74,2.4
2018,137,26,34.1,15.6,25.5,53.1,7.1,21.3,2.75,30.16,0,39.3,23.8,31,26.2,26,26.1,2,1.3,224,48,8.7,11.3,8.6,7.4,.66,1
2018,138,26,33.5,15.2,24.9,52.7,8,24.5,2.56,30.13,0,39.7,23,30.7,26.3,26.1,26.2,1.1,.2,213,74,4,10.9,7.6,6.1,.72,2.2
2018,139,26,34.7,15,25.1,54.2,8,25,2.6,29.9,0,40,23.3,31.1,26.4,26.1,26.2,1.5,.5,235,67,5.7,11.1,7.9,6.7,.75,2.7
2018,140,26,34.9,15.3,26,52.6,7,22.4,2.83,30.1,0,40.2,23.6,31.4,26.4,26.2,26.3,1.5,.3,186,71,6.1,11.2,8.1,6.8,.69,1.6
2018,141,26,33.6,14.8,24.8,68.1,11.8,26.3,2.48,26.56,0,37.5,23.8,30.5,26.5,26.3,26.4,2.1,1.3,212,50,8.6,10.7,7.5,7,.79,3.4
2018,142,26,31.7,16.3,24.3,58.2,11.6,30.6,2.28,30.34,0,39.1,23.8,30.8,26.5,26.3,26.4,2,.8,177,63,7.6,11,8.2,7,.87,4.8
2018,143,26,32.5,14,23.8,58.8,11.7,28.7,2.29,30.66,0,39.4,22.6,30.5,26.5,26.3,26.4,1.4,.5,261,63,6,10.1,7.7,6.4,.8,3.7
2018,144,26,35.3,14.4,25.8,47.5,7.9,23.4,2.77,30.97,0,40.2,23.2,31.2,26.5,26.4,26.4,1.6,.8,226,56,6.5,10.9,8.4,7,.73,2.4
2018,145,26,35.7,15.8,26.1,42.9,6.7,22.6,2.9,31.4,0,40.7,23.8,31.7,26.6,26.4,26.5,2,.4,189,73,6.1,11.6,8.9,7.8,.69,1.6
2018,146,26,32,16.2,24.1,62.4,10.5,28.3,2.36,29.46,0,37.9,24.1,30.4,26.8,26.6,26.7,2.5,2,208,36,9.9,11,8.6,7.6,.77,3
2018,147,26,33.1,14.2,24.6,66.6,11.7,29.4,2.42,30.61,0,39.7,22.9,30.8,26.8,26.5,26.6,1.2,.2,196,73,5.4,10.4,7.7,6.3,.82,4.1
2018,148,26,36.8,16.6,27.4,56.7,9.6,25.6,3.01,30.67,0,41,24,32.1,26.7,26.5,26.6,1.4,.4,163,69,6.4,12.2,8.4,7,.86,4.7
2018,149,26,38.5,18.5,29.5,45.5,9.6,25.5,3.31,30.48,0,42.6,25.6,33.7,27,26.7,26.8,1.5,.6,132,62,7,13.3,8.6,7.4,1.01,6.9
2018,150,26,37.3,20.4,29.2,49.4,8,20.7,3.45,30.9,0,42.8,26.9,34.3,27.4,26.9,27.2,1.7,.7,194,63,5.9,14,8.9,7.6,.78,3.1
2018,151,26,35.9,16.3,27.1,47.7,9.2,24.1,2.96,31.03,0,41.5,25.4,33.1,27.6,27.4,27.5,1.9,.7,223,66,6.8,11.9,8.8,7.6,.8,3.6
2018,152,26,35.9,17.6,27.9,57.3,11.3,26.5,2.99,30.6,0,42.5,25.6,33.6,27.7,27.5,27.6,1.2,.6,88,56,3.9,12.5,8.1,6.6,.95,6
2018,153,26,38.7,17.7,28.9,52.6,7.3,21.4,3.43,30.94,0,43.3,25.6,34,27.9,27.6,27.8,1.1,.2,111,73,3.4,12.9,8.3,6.8,.81,3.6
2018,154,26,41.7,17.5,30.2,49.7,3.9,20.4,3.84,31.55,0,43.9,26.1,34.6,28,27.8,27.9,1.1,.3,98,68,4.2,13.2,8.7,7.1,.8,3.4
2018,155,26,41.2,20.4,30.9,56.3,5.4,18.5,3.94,31.01,0,44.2,26.9,35,28.2,28,28.1,1.8,.6,202,65,6.9,14.3,9.3,8.2,.79,3.3
2018,156,26,39.5,20.2,29.8,51,9.6,22.6,3.46,29.82,0,43.8,27.4,34.9,28.5,28.2,28.4,1.8,.3,238,75,6.6,14.1,8.7,7.9,.91,5.5
2018,157,26,38.3,20.4,29.5,44.1,7.7,22.4,3.43,26.06,0,41.2,27,33.8,28.6,28.4,28.5,1.1,.5,72,63,4.5,14,7.1,6.3,.87,4.9
2018,158,26,38.9,17.6,29.8,38.3,6.4,18,3.73,31.22,0,43.1,25.8,34.1,28.6,28.4,28.5,1.4,.4,199,68,5.9,12.9,8.9,7.4,.71,2
2018,159,26,41.5,17.3,30.2,60,4.8,20.5,3.75,31.22,0,44.3,26.5,35,28.7,28.5,28.6,1.1,.2,48,73,4.2,13,8.6,7.1,.81,3.7
2018,160,26,40.8,20.8,30.5,50.8,5.4,17.1,3.93,30.83,0,43.7,27.4,35.1,28.8,28.6,28.8,1.9,.8,212,61,8,14.4,9.4,8.3,.7,1.7
2018,161,26,38,20,29.1,44.6,7.6,21.1,3.37,30.95,0,43,27.2,34.6,29,28.8,28.9,1.7,.5,217,67,7,13.9,9,7.7,.82,4
2018,162,26,41.6,18.8,30.5,50.1,6,19,3.89,30.78,0,44.7,26.6,35.1,29.1,28.8,29,1,.4,54,62,5.6,13.7,8.3,6.7,.8,3.3
2018,163,26,41.8,19.6,30.4,50.9,5.1,21.3,3.74,29.05,0,44.5,27.7,35.5,29.2,28.9,29.1,1.3,0,170,80,4.8,14.1,8.2,7.2,.87,4.6
2018,164,26,43.1,22.4,32.3,57.1,6.2,24.2,3.99,28.15,0,45.2,28.7,36.3,29.3,29.1,29.2,1.1,0,198,80,3.8,15.2,7.9,7,1.12,8.2
2018,165,26,40.8,26.2,32.4,55.3,10.2,29.6,3.53,28.13,0,44.6,31.2,37.4,29.6,29.2,29.5,2.1,1.6,236,38,7.8,16.4,8.6,8.3,1.41,12
2018,166,26,31.7,23.3,27.7,81.8,30.6,49.3,1.91,10.03,0,35.6,30.6,32.9,29.9,29.6,29.8,2.1,1.7,251,36,7.1,14.4,3,4.2,1.83,15.9
2018,167,26,29.6,21,24.7,95.2,53.5,76.5,.78,15.06,2.03,33.7,27.7,30.1,29.7,29.1,29.4,1.7,1.1,96,50,5.8,12.5,3.1,3.8,2.35,20.1
2018,168,26,35.4,18.5,27.4,83.8,11.2,38.2,2.55,31.09,0,40.9,24.6,32.2,29.1,28.6,28.8,2.5,1.4,159,55,8.8,12.8,8.9,8.1,1.24,9
2018,169,26,36.5,16.4,27.2,62.5,7.5,25.3,2.93,31.96,0,42.4,24.9,33.2,28.8,28.5,28.7,1.3,.2,196,73,4.8,12.1,8.5,7.1,.86,4.6
2018,170,26,37.7,17.8,28.8,58.1,9.4,26.6,3.21,31.62,0,43.4,25.9,34.2,28.8,28.6,28.7,1.2,.4,158,68,7,12.8,8.5,6.9,.97,6.4
2018,171,26,40.6,19.1,30.3,45.5,7.3,25.1,3.53,31.58,0,44.2,26.8,35.1,29,28.8,28.9,1.6,.8,210,56,6,13.8,9,7.9,1.02,7.1
2018,172,26,39,22.8,31.1,51,8.6,23.4,3.63,31.39,0,44.2,28.2,35.9,29.3,29,29.2,1.7,.9,236,54,5.8,15.1,9.1,7.9,1.05,7.3
2018,173,26,42.2,19.4,31.8,48.1,7.5,24,3.9,31.61,0,45.3,27.8,36.3,29.5,29.3,29.4,1.6,.6,202,65,5.4,14.1,9.2,8.2,1.09,8
2018,174,26,41,21.6,31.8,56.5,13.3,27,3.66,30.48,0,44.6,29.3,36.6,29.8,29.5,29.7,2.4,1.5,224,48,7.9,14.8,9.5,9,1.22,9.7
2018,175,26,38.9,20.8,30.3,64,11.9,33.3,3.14,30.73,0,45.3,28.8,36.6,30,29.8,29.9,1.6,.9,229,54,6,14.3,8.5,7.6,1.35,11.2
2018,176,26,41,21.1,31.4,57.6,7,24,3.8,30.9,0,45.2,28.6,36.5,30.2,30,30.1,1.4,.4,245,70,5.8,14.6,8.9,7.6,1.01,6.8
2018,177,26,42.5,21.8,32.6,45.5,5.6,19.3,4.33,31.37,0,45.8,29,37,30.3,30.1,30.2,1.5,.6,207,63,6.3,15,9.4,7.9,.87,4.5
2018,178,26,42.8,20.4,32.3,49.8,6.6,21.6,4.19,31.03,0,45.5,28.8,36.9,30.4,30.2,30.3,1.9,.9,234,59,6.5,14.4,9.5,8.6,.96,6
2018,179,26,40.8,23.4,33,54.7,11.9,24,4.09,30.08,0,44.9,30.1,37.2,30.6,30.3,30.5,2.3,1.9,205,35,9.7,15.5,9.8,8.9,1.13,8.7
2018,180,26,39.6,22.3,31.5,44.4,13.5,26.1,3.62,30.15,0,45.8,29.8,37.3,30.7,30.5,30.6,2.1,1.1,205,57,6.9,14.9,9.1,8.3,1.16,9.1
2018,181,26,39.3,20.7,30.7,43.5,7.4,21.8,3.75,31.16,0,45.4,29.3,37,30.8,30.6,30.7,1.6,.4,110,71,4.8,14.3,9,7.8,.86,4.6
2018,182,26,39.6,20.3,30.2,37.6,6.2,18.2,3.76,31.56,0,45.4,28.8,36.6,30.9,30.6,30.8,1.6,.3,142,72,4.4,14.1,9.1,7.8,.72,2.1
2018,183,26,40.9,21.1,31.8,36.5,6,16.6,4.24,30.92,0,45.1,28.6,36.6,30.9,30.6,30.8,1.7,.4,196,71,6.9,14.6,9.3,8,.74,2.5
2018,184,26,40.3,21.9,32.2,40.3,8.4,19.8,4.14,30.19,0,44.4,29.5,36.7,30.9,30.7,30.8,2.9,1,192,65,9,14.8,10.3,9.7,.9,5.3
2018,185,26,41.1,22.3,32.6,63,11.1,25.6,3.96,29.56,0,46.2,30,37.7,30.9,30.7,30.8,1.3,.2,67,74,4.9,15,8.4,7.3,1.18,9.2
2018,186,26,45.2,21.8,34.5,65.3,9.1,26.5,4.4,29.54,0,47,30.9,38.7,31.1,30.8,31,1.9,.1,280,79,10.2,15.1,9.2,8.8,1.38,11.6
2018,187,26,43.2,31,36.8,46.5,13.5,25.4,4.76,28.3,0,45.8,34.5,39.5,31.5,31.1,31.3,4.6,4.4,76,15,12.7,17.2,11.6,12.3,1.56,13.6
2018,188,26,44,28.4,36.8,46.1,12.2,26.8,4.78,27.91,0,47.6,33.6,40.3,31.7,31.4,31.6,2.1,1.1,104,57,8,17,8.9,8.7,1.59,13.8
2018,189,26,43,26.6,35.4,76.2,14.8,36.3,3.89,27.3,4.32,48.1,35.5,41.1,32.1,31.7,31.9,2.2,.7,251,66,22.9,16.6,8.5,8.5,1.98,17.2
2018,190,26,39.5,23.4,29.4,87.2,21.6,63.5,1.81,24.57,0,44.9,31.6,36.7,32.3,32.1,32.2,2.1,.5,134,70,22.5,15.3,6.6,7,2.43,20.5
2018,191,26,36.5,23.3,29.2,87.9,30,61.1,1.78,22.28,0,41.7,30,34.7,32.1,31.6,31.9,2.4,2.3,85,19,8.3,15.1,6,6.4,2.37,20.1
2018,192,26,37.5,23.1,29.8,94.8,27.5,61.9,1.82,25.87,5.59,44.8,31.3,36.9,31.6,31.4,31.5,2.6,1.6,94,49,11.6,15.1,6.9,7.1,2.49,21
2018,193,26,38,23.9,29.9,95.9,29.4,65.3,1.71,26.96,.25,43.5,29.3,35.3,31.6,31.3,31.5,1.5,.2,40,75,9.6,15.4,6.8,6.7,2.62,21.8
2018,194,26,39.7,24.8,32.4,88.5,21.7,52.6,2.57,28.48,0,44.6,29.7,36.5,31.5,31.2,31.3,1.9,.5,119,70,7.2,15.9,7.9,7.5,2.43,20.5
2018,195,26,41.5,28.5,33.3,62.5,20.4,43.9,3.04,24.78,0,45.2,31.8,37.2,31.5,31.3,31.4,2.8,2.3,76,31,16.5,17,7.9,8.5,2.17,18.7
2018,196,26,38.5,28,32.8,73.2,23.2,46.5,2.77,17.85,0,41,32.5,35.9,31.7,31.5,31.6,2.9,2.2,69,40,6.7,16.9,5.9,7,2.25,19.2
2018,197,26,40.9,26.6,33.3,79.3,20.9,46,2.99,25.21,0,44.5,31.8,37.4,31.6,31.4,31.5,1.7,.8,134,59,9.3,16.5,7.2,7.2,2.24,19.2
2018,198,26,39.8,25.2,32.7,85.4,22.9,52.2,2.62,27.54,0,46,32.7,38.8,31.8,31.5,31.6,1.7,.9,159,54,8.3,16,7.4,7.2,2.45,20.6
2018,199,26,37.2,25.6,31.5,78.2,32.8,54.7,2.22,28.33,0,45.1,33,38.7,32,31.7,32,2.4,2.2,225,25,6.5,16,7.8,7.5,2.48,20.9
2018,200,26,38.7,25.9,32.7,72.7,29.4,50.5,2.58,28.14,0,45.2,33,38.7,32.2,32,32.2,2.5,2.4,228,20,9.6,16.2,8.1,8,2.45,20.7
2018,201,26,40.8,27,34.2,64.2,21.9,40,3.37,26.73,0,46.4,33.3,39.3,32.4,32.2,32.3,1.8,1.5,212,32,5.6,16.6,7.9,7.6,2.1,18.2
2018,202,26,36.9,22.8,30.6,90.7,26.5,51,2.35,24.73,1.78,42.1,31.7,36.6,32.6,32.4,32.5,2.6,1.4,270,55,14.6,14.9,7.2,7.2,2.12,18.3
2018,203,26,42.2,23.2,33.2,84.4,13.1,41.3,3.45,28.98,0,44.6,30.2,37.1,32.4,32.1,32.3,1.8,1.1,248,50,8,15.4,8.5,8,1.86,16.1
2018,204,26,45.6,26.2,36,62,11.3,28.8,4.62,27.86,0,46.6,31.8,38.7,32.3,32.1,32.2,1.7,.6,234,65,5.9,16.4,8.7,8.2,1.59,13.8
2018,205,26,45.8,27.5,36.5,55.8,11.1,27.8,4.73,24.62,0,46.2,33.1,39.2,32.5,32.2,32.4,1.7,.2,222,75,6.6,16.9,8,7.8,1.6,13.9
2018,206,26,45.6,28.1,37,70.5,12.1,28.9,4.78,28.42,0,47.6,33.3,40,32.7,32.5,32.6,1.8,1,248,55,6.1,17,9.1,8.5,1.71,15
2018,207,26,42.6,28.2,36.1,60.9,17,31.8,4.2,25.41,0,45.6,34.8,39.9,32.9,32.6,32.8,2.6,1.9,228,42,8.9,17,8.6,8.7,1.86,16.3
2018,208,26,42.6,28.5,36,55.7,16.9,29.7,4.4,26.55,0,46.9,33.8,40,33.1,32.9,33,1.9,.7,125,65,10.8,17,8.3,7.9,1.7,14.8
2018,209,26,40.6,27.9,34.5,62.8,23.8,39.7,3.48,23.77,0,46.7,34.9,40.1,33.2,33,33.1,2,.9,246,60,9,16.8,7.3,7.3,2.11,18.3
2018,210,26,37.6,27.6,32.5,83.6,29.2,50.3,2.57,22.52,0,44.8,34.4,38.9,33.3,33.1,33.2,2,1.1,216,53,7.2,16.7,6.6,6.6,2.4,20.3
2018,211,26,41,29.8,34.6,68.8,21.8,41.7,3.37,25.57,0,46.2,34.5,39.7,33.3,33.1,33.2,2.8,.2,173,78,21.8,17.2,8.4,8.6,2.23,19.1
2018,212,26,41.8,27.5,34.3,70.1,17.1,40.2,3.54,23.62,0,46.2,34.2,39.4,33.3,33.2,33.2,1.9,1,66,56,9.7,16.7,6.9,7.3,2.04,17.6
2018,213,26,43.1,29.1,35.5,61.6,18.4,39.8,3.7,26.38,0,47.4,34.1,40.3,33.3,33.2,33.3,1.2,.3,183,69,11.5,17.1,7.5,7,2.2,19
2018,214,26,42.5,28.1,34.5,68.8,20.4,38.8,3.58,25.23,10.92,47.2,33.9,39.7,33.5,33.3,33.4,2.9,1.6,95,54,17.2,16.9,8.2,8.9,2.04,17.8
2018,215,26,42.9,25.7,34,81.5,17.3,46.2,3.32,27.09,0,45.3,29.6,36.7,33.6,33.1,33.4,1.1,.4,67,65,6.1,16.3,7.4,6.8,2.23,19
2018,216,26,43.2,29.1,36.4,62.8,13.5,31.2,4.41,27.41,0,46.3,31.4,38.4,33.2,32.9,33.1,1.2,.5,173,60,5.2,17.2,8.1,7.1,1.8,15.7
2018,217,26,44.2,29.2,35.5,54.8,13.2,32.2,4.13,27.74,0,46.6,32.3,38.8,33.2,33,33.1,1.3,.6,237,62,5.8,17.1,8.2,7.4,1.79,15.7
2018,218,26,44.5,26.9,34.9,60.3,9.4,31.5,4.1,27.63,0,46.3,31.9,38.6,33.3,33.1,33.2,1.6,.8,245,60,4.8,16.7,8.4,7.8,1.67,14.5
2018,219,26,40.5,27,34.2,72.9,21.6,42.2,3.25,26.49,0,45.8,33.2,38.9,33.4,33.2,33.3,2.5,2.2,223,28,10.6,16.6,8.2,8.1,2.22,19
2018,220,26,37.3,25.6,31.5,77.6,24.9,48,2.54,23.66,2.79,43.6,33.2,38.1,33.5,33.3,33.4,2.2,.7,210,66,13.8,16,6.7,6.9,2.15,18.6
2018,220,26,37.3,25.6,31.5,77.6,24.9,48,2.54,23.66,2.79,43.6,33.2,38.1,33.5,33.3,33.4,2.2,.7,210,66,13.8,16,6.7,6.9,2.15,18.6
2018,221,26,38.3,25.1,31.3,80.3,28.5,53.3,2.34,23.32,0,43.1,29.9,35.7,33.5,33,33.3,2,.1,130,79,15.8,15.9,6.4,6.6,2.35,20
2018,222,26,38.2,23.4,30.8,83.9,25.2,49.9,2.42,25.32,0,43.4,30.8,36.5,33.1,32.8,33,2.2,1,106,60,20.7,15.3,7,7.1,2.12,18.4
2018,223,26,39.1,23.8,31.2,81.6,19.3,47.5,2.72,25.49,1.27,42.4,29.7,35.5,32.9,32.6,32.8,2.4,1.3,74,55,19.8,15.5,7.2,7.5,1.99,17.3
2018,224,26,40.1,26.2,32.6,72.1,20.1,46.1,2.9,26.08,0,44.6,31.4,37.4,32.7,32.5,32.6,1.5,.2,181,74,7.3,16.4,7.3,6.9,2.15,18.6
2018,225,26,38.1,24.2,31.8,78.9,24.8,46.3,2.76,25.8,0,43.5,31.9,37.4,32.8,32.5,32.7,2.3,1.6,222,46,6.9,15.6,7.7,7.3,2.05,17.8
2018,226,26,39.6,26.5,32.9,71.8,24.4,44,3.03,25.56,0,44.5,32.1,37.8,32.8,32.7,32.8,2.2,1.2,241,54,13.5,16.5,7.7,7.4,2.09,18.1
2018,227,26,37.2,26.2,31.4,71.3,28,46.4,2.61,20.94,0,43.4,32.2,37,32.9,32.7,32.8,1.4,.7,143,58,5.3,16.3,5.6,5.6,2.06,17.9
2018,228,26,37.8,26.6,30.4,89.5,31.6,60.5,1.84,18.92,.76,43.5,33,36.7,32.8,32.7,32.8,2,.9,218,59,12.1,16.4,5.3,5.8,2.57,21.5
2018,229,26,38.9,25.4,31.9,87.6,26.4,56.3,2.34,25.12,0,43.8,30.6,36.5,32.8,32.5,32.7,1.2,.7,263,55,6.1,16,6.6,6.2,2.51,21.1
2018,230,26,40.4,27.4,33.4,72.1,22.6,46.4,2.99,25.4,0,45.1,32.3,38.1,32.7,32.5,32.6,1.8,1.3,240,43,6.3,16.7,7.4,7.1,2.27,19.4
2018,231,26,42,27.8,34.6,64.8,19.4,40.1,3.53,25.67,0,46.1,32.7,38.9,32.8,32.6,32.8,1.5,.8,190,56,5.8,16.9,7.5,7,2.11,18.3
2018,232,26,41.8,29.1,34.9,56.5,19.2,35.6,3.77,24.82,0,45.8,33.4,39.2,33.1,32.8,33,1.9,1.4,210,42,5.6,17.1,7.7,7.4,1.94,17
2018,233,26,39.8,27.6,33.6,70.1,22.4,40.5,3.26,22.77,0,44.4,34,38.8,33.3,33,33.2,2.1,.5,132,70,7.6,16.8,7,7.1,2.03,17.6
2018,234,26,38.4,28.3,32.9,57.5,28.8,43.2,2.92,23.17,0,45,33.6,38.5,33.3,33.2,33.2,2.5,1.6,94,47,9.6,17,7.2,7.3,2.12,18.4
2018,235,26,38.5,26.4,32.2,71.8,23.5,46.2,2.81,24.38,0,45.4,33,38.5,33.3,33.2,33.2,2.5,1.8,100,42,11.1,16.4,7.3,7.4,2.11,18.2
2018,236,26,38.4,26.6,32.5,64.4,24.6,41.8,3.01,24.96,0,45.5,32.8,38.6,33.3,33.2,33.3,2.8,2.2,108,39,12.1,16.4,7.6,7.8,1.97,17.2
2018,237,26,39.4,26.3,31.6,62.8,25.3,43.3,2.8,22.74,0,45.1,33,38.1,33.4,33.2,33.3,2.9,1.9,80,47,9.3,16.4,7.2,7.8,1.94,17
2018,238,26,39.5,24.7,32,76.7,21,42,2.98,24.96,0,45.3,31.8,37.9,33.3,33.1,33.2,1.6,.7,210,60,6.1,15.8,7.1,6.6,1.89,16.5
2018,239,26,39.8,22.6,31.6,56.2,12,28.2,3.54,25.44,0,44.2,30.8,37,33.3,33,33.2,1.7,.9,217,57,7.6,15.1,7.7,6.9,1.24,10
2018,240,26,40.6,21.9,31.3,45,11.3,24.1,3.69,25.52,0,44.2,29.4,36.2,33.2,32.8,33,1.4,.4,20,68,5.9,14.8,7.4,6.4,1.05,7.6
2018,241,26,40,23.2,31.8,64.6,11.3,27.4,3.68,25.19,0,44.5,30.1,36.7,33,32.7,32.8,1.5,.2,19,74,6.1,15.3,7.4,6.5,1.21,9.6
2018,242,26,39.3,25.3,31.9,56.4,20.4,35.2,3.22,23.21,0,44.5,31,36.9,32.9,32.6,32.8,1.4,.2,184,74,5.7,16.1,6.7,6.1,1.62,14.1
2018,243,26,39.8,26,32.9,61.1,22.2,38.2,3.27,23.78,0,45.2,31.5,37.8,32.8,32.7,32.7,1.3,.8,221,53,7.8,16.3,6.7,6.1,1.85,16.2
2018,244,26,40.2,24.4,32.5,59.3,14.3,29.4,3.62,22.55,0,43.5,31.5,37.2,32.9,32.7,32.8,1.5,.6,188,63,6.6,15.8,6.9,6.3,1.39,11.7
2018,245,26,38.6,23.2,30.7,49.8,22.1,34.3,3.04,23.01,0,43.1,29.9,35.8,32.9,32.6,32.8,2.8,2,87,43,9.1,15.2,7.5,7.6,1.52,12.9
2018,246,26,37.5,23.8,30.3,69.7,19.2,41.2,2.74,23.99,0,43.1,30.9,36.4,32.7,32.5,32.6,2.6,2.1,84,35,8.2,15.4,7.1,7.3,1.68,14.6
2018,247,26,38.6,22.3,30.3,68.2,18.2,36.9,2.92,23.77,0,43.6,30,36.2,32.6,32.4,32.5,1.2,.2,222,74,5,14.8,6.5,5.6,1.52,13.2
2018,248,26,39.4,24.4,31.9,58,17,35.2,3.28,23.62,0,44.3,30.5,36.7,32.6,32.3,32.5,.9,.2,79,72,4.6,15.7,6.5,5.4,1.58,13.8
2018,249,26,40.2,24.3,32.2,55.5,12.9,33,3.5,23.67,0,43.4,30.7,36.4,32.6,32.4,32.5,2.2,1.7,68,38,8.2,15.8,7.5,7.2,1.48,12.7
2018,250,26,40.4,25.6,33.2,49.4,15.4,28.2,3.82,23.26,0,43.8,31.2,36.6,32.5,32.3,32.4,2.8,2.2,78,37,9.5,16.2,8.1,8.1,1.39,11.8
2018,251,26,42.8,22.8,33.1,57.1,11.5,30,3.9,23.45,0,44,30.3,36.6,32.5,32.3,32.4,1.7,1.1,77,50,8.3,15.4,7.3,6.8,1.4,11.8
2018,252,26,40,25.6,32.3,62.8,17.2,39.4,3.16,22.82,0,43.9,31.1,37,32.5,32.3,32.4,1.4,.9,257,52,5.8,16.2,6.6,6,1.81,15.9
2018,253,26,40.6,24.5,32.7,69.1,13,36.4,3.43,22.81,0,44.1,31.1,36.9,32.5,32.4,32.5,1.5,.6,239,61,6.4,15.8,6.8,6.1,1.67,14.4
2018,254,26,41.1,23.1,31.7,57.1,11.9,31.6,3.56,23.17,0,43.8,30,36.1,32.6,32.3,32.5,1.8,.3,69,75,6.3,15.3,7.2,6.7,1.34,11.2
2018,255,26,40.2,21.3,30.6,52.1,7.2,23.6,3.67,23.64,0,42.7,28.9,35,32.5,32.2,32.4,1.9,.3,236,74,7.9,14.6,7.6,6.8,.94,5.6
2018,256,26,40.8,20.1,30.2,59.2,8.2,22.4,3.68,23.09,0,42.5,27.4,34.3,32.3,32,32.2,1.1,.4,50,66,4.3,14.2,6.6,5.3,.88,5
2018,257,26,42.4,20.5,31.5,45.2,8.4,20,4.07,22.81,0,42.6,28,34.7,32.1,31.8,32,1.4,.7,35,59,6.1,14.4,7.1,6.1,.87,4.8
2018,258,26,43,21.6,31.8,66.4,9.8,27.8,3.74,21.73,0,43.2,29.1,35.4,32,31.7,31.9,1.5,0,201,81,6.3,14.9,6.7,6.1,1.22,9.6
2018,259,26,40.4,26.2,32.4,67.1,20.3,43.2,2.97,21.22,0,43.9,31.2,36.7,31.9,31.8,31.9,1.5,.5,258,67,6.8,16.4,6,5.8,2.01,17.4
2018,260,26,41,23,32.6,72.2,14.9,35.4,3.51,21.56,0,44,30.6,36.7,32.1,31.9,32,1.2,.4,203,66,4.8,15.3,6.3,5.5,1.62,14.1
2018,261,26,39.2,23.3,31.3,66.4,21.5,40.2,2.88,21.15,0,43.2,30.4,36.2,32.2,32,32.1,1.9,1.3,241,47,6.7,15.3,6.3,6.1,1.8,15.6
2018,262,26,29.8,22.9,26.1,87.1,57.5,75.5,.86,5.13,.76,35.4,28.3,31.7,32.2,32,32.2,2.3,.9,99,63,7.5,13.6,1.1,2.3,2.55,21.3
2018,263,26,36.4,20,27.6,95.5,25.7,63.2,1.63,21.34,0,39.5,26.1,32.1,32,31.2,31.6,1.3,.5,238,64,6.1,13.6,5.3,4.9,2.2,18.9
2018,264,26,38.4,21,30.2,83.4,13.3,43.3,2.74,21.7,0,41.5,28.1,34.1,31.3,31.1,31.2,1.1,.2,343,75,4.4,14.4,5.9,5.1,1.72,14.8
2018,265,26,39.2,20.5,30.5,73.6,15.8,35.3,3.1,21.41,0,40,28.4,33.6,31.3,31.1,31.2,3,2.6,70,30,10.2,14.2,7.6,7.5,1.45,12.4
2018,266,26,39.1,24.6,31.8,49.3,13.2,24.5,3.68,20.86,0,40.2,29,33.7,31.2,31,31.1,4.1,3.8,78,23,10.8,15.7,8.6,9.2,1.12,8.5
2018,267,26,38.2,24.2,30.7,58.3,15.5,33.7,3.1,19.59,0,41.5,29.6,34.5,31.2,31,31.1,1.5,.3,195,72,6.2,15.6,5.9,5.4,1.42,12
2018,268,26,38,21.6,29.8,52,12.2,23.2,3.4,21.08,0,41.2,27.9,33.8,31.2,31,31.1,1.4,.3,360,70,6.3,14.5,6.2,5.2,.95,6
2018,269,26,38.9,20.4,29.7,65,13,30.7,3.15,21.19,0,41,27.5,33.7,31.2,31,31.1,1.5,.8,260,54,5.2,14.1,6.2,5.4,1.22,9.7
2018,270,26,39.4,19.4,29.9,58.2,9.9,28.4,3.31,21.09,0,40.9,27.1,33.4,31.1,30.9,31,1.3,.5,66,62,4.8,13.8,6.1,5.2,1.12,8.5
2018,271,26,40,19,29.7,67.7,12.9,30.2,3.25,20.77,0,40.8,26.9,33.3,31,30.8,30.9,1.1,.2,84,72,4.9,13.6,5.9,4.9,1.17,9.2
2018,272,26,38.2,21.4,29.6,55.5,16.1,34.3,2.91,20.44,0,40.7,27.9,33.6,30.9,30.8,30.9,2.2,.2,42,78,6.9,14.5,6.5,6.1,1.37,11.6
2018,273,26,33.1,21.4,25.8,91.7,30.8,59.3,1.44,8.39,2.03,34.4,27.9,30.6,30.9,30.7,30.8,2.1,1.1,291,57,10.4,13.8,2.5,3.7,1.93,16.6
2018,274,26,25.1,21.1,23.1,96.6,73.6,88.4,.34,6.59,4.57,27.9,25.7,26.9,30.7,30.1,30.4,2,1.6,74,39,8.9,10.3,.9,1.7,2.49,21
2018,275,26,26.2,20.4,23,98.1,79.9,92.6,.22,7.7,33.27,26.9,23,25.1,30.1,29.2,29.7,2.3,1,109,60,8.8,10.5,1,1.8,2.6,21.7
2018,276,26,30.9,21.5,25.7,97.8,49.5,77.5,.83,18.19,0,31.7,23.8,27.2,29.2,28.6,28.8,.6,.3,177,61,3.3,13.3,3.8,3.4,2.51,21.1
2018,277,26,29.5,19.4,24.1,89.3,30.8,66.1,1.11,18.67,0,32.1,22.6,26.5,28.6,28.3,28.5,1.4,.6,191,62,4.8,11.7,4.2,3.8,1.93,16.9
2018,278,26,29.5,17,22.8,89.1,30.4,64.3,1.12,19.48,0,32.1,20.8,25.8,28.4,27.9,28.2,1,.3,278,65,4.1,10.5,4.2,3.6,1.72,15.1
2018,279,26,29.2,17.9,23.4,81.6,27.7,56.7,1.37,17.54,0,30.7,21,25.5,28,27.6,27.9,1.8,.9,160,58,6.4,10.8,4.4,4,1.56,13.5
2018,280,26,23.8,13.4,17.7,95.7,34.1,73.7,.59,14.89,20.32,26.2,18.9,22.1,27.7,27.1,27.5,2.4,.5,7,71,12.9,5.8,2.9,3.1,1.47,12.6
2018,281,26,25.6,11.2,18.1,94.5,31.5,67.5,.78,18.55,0,26.2,16,20.6,27.1,26.1,26.6,1.5,.9,79,53,6.8,5.8,3.7,3.3,1.35,11.4
2018,282,26,27,12.3,19.8,92.3,22.5,57.1,1.14,19.86,0,28.4,16.5,21.7,26.1,25.5,25.8,1.8,1,73,53,6.3,6.9,4.4,3.8,1.24,10
2018,283,26,27,12.2,20.5,92.6,35.7,57.5,1.13,17.79,0,28.1,17.4,22.3,25.6,25.3,25.4,2.5,2.2,74,28,6.9,6.9,4.5,3.9,1.35,11.4
2018,284,26,27.8,18,21.9,83,38.5,63.5,1.03,14.73,0,28.9,20.2,23.7,25.4,25.2,25.3,2.2,.6,130,69,6.3,10.1,3.5,3.7,1.63,14.3
2018,285,26,26.9,18.4,21.9,87.5,48,71.2,.81,15.59,0,28.9,20.9,24,25.4,25.3,25.3,2.4,2,76,33,9.5,9.9,3.7,3.5,1.84,16.1
2018,286,26,21.8,16.8,19.1,99.2,67.6,84.6,.35,6.39,26.92,23.2,19.6,21.2,25.4,25.1,25.3,3,2.4,67,36,9.6,6.6,1,1.8,1.87,16.4
2018,287,26,25.2,15.1,19.7,98.1,47.2,79.1,.54,17.15,0,26,17.6,21.5,25.1,24.5,24.8,.9,.2,146,70,3.8,7.4,3.1,2.7,1.78,15.6
2018,288,26,25.5,10.3,18.2,95.1,23,53.9,1.07,18.29,0,25.2,16,20.2,24.5,24.1,24.4,2.2,1.1,347,55,8.4,5.6,4.2,3.7,1.08,7.7
2018,289,26,21.4,11.5,17.1,87.9,33.9,56.5,.9,18.35,0,24.9,15.6,19.6,24.1,23.7,23.9,3.2,2.9,61,24,8,3.9,4.5,3.6,1.08,8
2018,290,26,25.4,14.1,19.5,67.1,29,45,1.32,18.21,0,25.7,15.7,20.1,23.7,23.3,23.5,3.9,3.8,61,16,9.1,7,5.4,5.1,.99,6.8
2018,291,26,27,11.4,19.9,84.9,26.8,52.3,1.25,18.23,0,27.2,16.5,21.2,23.4,23.2,23.3,2.3,1.7,50,40,8.4,6.6,4.6,3.9,1.15,8.9
2018,292,26,29.4,11,20.5,90.6,21.4,54.8,1.34,18.16,0,28.1,16.7,21.9,23.4,23.2,23.3,2.1,1.4,59,48,9.4,7.6,4.7,4.1,1.21,9.7
2018,293,26,32.5,14.7,26.2,84.7,30,42.2,2.05,17.49,0,29.9,20.1,24.2,23.6,23.3,23.4,4.6,4.4,69,18,11.8,10.4,6.5,6.3,1.42,12
2018,294,26,31.5,21.1,25.5,70.6,29.3,44.2,1.87,14.91,0,29.5,22.3,25.3,24.1,23.6,23.9,4.7,4.6,76,13,10.4,13.3,5.6,6.5,1.42,12.1
2018,295,26,30.1,18.4,23.3,74.8,18.8,54,1.44,17.51,0,30.6,21,25,24.3,24.1,24.2,2.4,1.8,82,42,6.1,11.5,4.6,4.4,1.48,12.7
2018,296,26,31.1,17.3,23,80.2,33,57,1.36,16.17,0,31,21.3,25.4,24.5,24.3,24.4,2.1,1,62,58,13.4,11.3,4,4,1.55,13.5
2018,297,26,29.8,14.7,21.7,92.5,31.6,63,1.13,16.63,0,30.2,20.4,24.7,24.7,24.5,24.6,1.6,.9,65,55,5.6,9.5,3.6,3.4,1.55,13.5
2018,298,26,30,13.7,21.4,92.7,27.4,62.3,1.17,16.84,0,30.1,19.7,24.3,24.7,24.5,24.6,1.1,.1,52,77,4.8,9.1,3.6,3.1,1.49,12.8
2018,299,26,30.2,13.2,21,83.3,23,56.1,1.32,16.95,0,29.6,19,23.8,24.6,24.4,24.5,1.3,.6,13,59,4.7,8.9,3.9,3.3,1.29,10.7
2018,300,26,30.7,10.5,20.5,92,19.4,55.8,1.36,17.03,0,28.9,18.5,23.2,24.5,24.2,24.4,1.7,.9,63,55,6.1,8.1,4.2,3.7,1.23,9.9
2018,301,26,30,11.3,20.5,81.6,25.5,56.8,1.26,14.87,0,27.8,18.1,22.7,24.3,24,24.2,1.2,.6,43,57,4.1,8,3.3,3,1.29,10.6
